0.0 0.0
0.3751044522579799 0.0001153554970984443
0.21976879984511713 5.241244130626214e-05
0.40710400259803525 0.00013007135724608267
0.1480093179532978 2.913992650932732e-05
0.2139700601420176 5.037539919935549e-05
0.0 0.0
0.0 0.0
0.0 0.0
0.0 0.0
0.7698303158236584 0.0003275597200617033
0.785262395313544 0.00033698122222569176
0.7427695305425271 0.00031120632067623856
0.7612617957669512 0.0003223585912029028
0.6780309890645199 0.00027301256790177427
0.5083330731134579 0.00017990822457016878
0.613898239456411 0.0002365570919991756
0.16373929715652538 3.3862924044941017e-05
0.33274898358116667 9.67274675351765e-05
0.035302802255794054 3.4256780224954878e-06
0.035302802255794054 3.4256780224954878e-06
0.0 0.0
0.0 0.0
0.819904946883919 0.0003583837319027485
0.8280487881039964 0.00036346207895279195
0.7889845804110641 0.0003392657365304988
0.8303345594893861 0.0003648913525021702
0.730428863172226 0.00030382334649421374
0.8229339062334109 0.00036027058894211246
0.6712860898945172 0.000269111880577813
0.662954890364162 0.00026431547410395883
0.6208048913009536 0.0002404147646198812
0.2640122157618301 6.87574933875007e-05
0.4952654554992786 0.0001732126546099512
0.10263363331480566 1.6888877530117847e-05
0.08857051854535007 1.355474358766183e-05
0.0 0.0
0.0 0.0
0.8430062265411781 0.00037284057884349954
0.8647772621954647 0.0003865952159554337
0.8144153483927778 0.0003549670016737342
0.8602307005327221 0.00038370848466472233
0.7885474110204157 0.00033899416635544365
0.8790414748846184 0.0003956732696335896
0.7443620761798889 0.00031216014643925533
0.869055276946809 0.00038931243052441587
0.6753642557815651 0.00027146806552544637
0.6335708620355855 0.00024758555432454203
0.5967062409053153 0.0002270377740708589
0.29186802480624024 7.973513382879197e-05
0.5216455055864002 0.00018680438542352344
0.09801587549415754 1.5767813890745123e-05
0.08108930121595542 1.1881447682065435e-05
0.0 0.0
0.0 0.0
0.7921884075168153 0.00034123357216105316
0.7779304401046707 0.00033249602733557743
0.7844692451333678 0.0003364957292922227
0.8009255500527726 0.0003466165502963384
0.7825144734294689 0.00033529727917637285
0.8280238069959592 0.0003634469736761574
0.7723346719043722 0.00032908485268640585
0.9118354244602518 0.00041674070321819117
0.7444182836729722 0.00031219786189818944
0.8675501651875769 0.00038835189104489726
0.6889976954927836 0.00027938787652462824
0.6238875600327252 0.0002421413681372212
0.6097220227203177 0.00023423629974644175
0.211648690677675 4.956791170802081e-05
0.48839939795529624 0.00016972269798464908
0.03663092286458366 3.6203916196751207e-06
0.03694518520368971 3.667012829984824e-06
0.7915326534308428 0.00034083079443670715
0.7632477938558965 0.00032356058425815474
0.7925069166442877 0.0003414294148425253
0.7486713173162794 0.00031475489788347557
0.7889346181949899 0.0003392347854122819
0.7223224936142042 0.0002989988953291573
0.7637036990775725 0.0003238355706309603
0.7964289506061041 0.00034384386370307454
0.7607933999912565 0.0003220712347786986
0.8870604105645105 0.0004007969570637205
0.7328520306518196 0.00030526951336801546
0.8537231218890713 0.00037959176540865966
0.6858500758801156 0.00027755392380762045
0.614854391366529 0.00023709215729167315
0.6137027622860212 0.00023645046876736968
0.16525377683127135 3.432932383759781e-05
0.16525377683127135 3.432932383759781e-05
0.0 0.0
0.0 0.0
0.8395525883550564 0.0003706691841794643
0.8018873227121989 0.00034720838997383225
0.8473217129545779 0.0003755558608677187
0.7569463093535513 0.00031974623221188973
0.8028553406486344 0.00034780656783307617
0.7262507728530299 0.00030133451817063346
0.7853748102997108 0.0003370514535882239
0.7122925787373299 0.0002930592479624784
0.7520062952392254 0.00031676460371843796
0.8469719774420593 0.00037533647877542603
0.7418827012072119 0.0003106752512537393
0.8662698834006781 0.00038754229146707795
0.7047295482791138 0.00028860084461126273
0.7904896921702961 0.00034018961049456345
0.6323780141268165 0.00024691515750588616
0.583039076698247 0.0002195474456042618
0.5401034217872733 0.0001964874644325229
0.0 0.0
0.0 0.0
0.8959724208567271 0.0004065170229014308
0.8892712386257892 0.0004022164919592058
0.8661637136915208 0.00038747487266504706
0.7730778598684743 0.0003295344877811155
0.832314312301322 0.00036613090440979005
0.7963352714509652 0.0003437827146970104
0.7902273905359072 0.00034002852432847656
0.6561850100861223 0.00026043392483809117
0.7288488080888827 0.00030288186838703233
0.719930552519657 0.00029758041416179013
0.722078927810843 0.0002988525824844961
0.834625064794749 0.000367578894036385
0.6935317666015075 0.00028203440233323543
0.8232711511919111 0.0003604816226166461
0.6262951143197956 0.00024348976195502148
0.6920391453962941 0.00028116235603075176
0.5393589847677693 0.00019609528545100265
0.14269646080151885 2.759692473317054e-05
0.06828398523616513 9.19081956083212e-06
0.8818580948157955 0.0003974719623534702
0.8562399685238038 0.0003811860466272381
0.8872977310908625 0.0004009485495344146
0.8316523129383403 0.0003657166096576963
0.8267560157630791 0.0003626548728024431
0.8073394495412843 0.00035058069724770637
0.7922883319489635 0.00034129483704198695
0.7470288094628437 0.00031376629352177415
0.7221351353039264 0.0002988881218266186
0.7349067267878666 0.0003064972598472405
0.7170327439873595 0.0002958627678568083
0.8110928610238506 0.0003529073149243384
0.7029309085004465 0.00028754372915482665
0.8485832589104488 0.0003763483724933019
0.6610563261533464 0.00026322535745467487
0.7476908088258254 0.0003141617332892
0.5696036122682221 0.00021225367245395667
0.33745667339074825 9.874792159429432e-05
0.15550365036441188 3.136166519819386e-05
0.9064270145702311 0.0004132482337856995
0.9216529999188114 0.0004230995560607291
0.9278045977729341 0.0004270925792744237
0.8864109017555473 0.0004003838266248649
0.8550408753380255 0.00038042735137802034
0.8199174374379375 0.00035839165132618456
0.824008093879004 0.000360941089369914
0.8506816719855609 0.0003776745898664135
0.7697928441616027 0.000327537617676632
0.7998388718531609 0.0003459455090150573
0.7341010860536719 0.0003060151764290755
0.7567152341042086 0.00031960700299148766
0.7031494931957706 0.00028767252065625367
0.8070146951368027 0.0003503783421287651
0.6443377195995528 0.0002536822035835399
0.7293609208036422 0.00030318731180794525
0.5358959786661337 0.00019426872301821747
0.4883375697129046 0.00016969242209953722
0.15664528700170494 3.1704692798571075e-05
0.0 0.0
0.0 0.0
0.891650689166318 0.00040374210700657625
0.8807589260621653 0.0003967704463249667
0.8809275485414155 0.00039687459824133
0.8524241042711449 0.00037877465073288323
0.8480086934255967 0.00037599009449104106
0.8045353201641258 0.00034884651482316493
0.787048544538193 0.00033807512820929167
0.7902586169209536 0.0003400474926024694
0.7334141055826531 0.0003056026565847078
0.7349941606659963 0.00030654695456560976
0.6882232811436351 0.00027893345473110957
0.718450421868462 0.0002966991891694406
0.7574958937303663 0.00032007913239987256
0.764977735587462 0.00032461141729691923
0.6255831527407397 0.00024309222940776035
0.6849070390517171 0.0002770031179670374
0.5193584851456086 0.0001856130096477039
0.40370594737729587 0.00012848426222419293
0.08240455655410595 1.2170328957475906e-05
0.9110360290030663 0.0004162241195346019
0.908069522423667 0.0004143076276753205
0.9095121814128065 0.0004152368769118354
0.8743450265736535 0.0003926753461944404
0.8321331992680535 0.0003660137876980533
0.8093254476302296 0.00035181134410851794
0.8004758901081057 0.0003463395019454038
0.7573335165281255 0.0003199794694012653
0.7325272762473378 0.0003050756347387288
0.7208298724089907 0.00029811361033218624
0.7178134036135172 0.0002963227045859069
0.7656397349504437 0.00032501023928778857
0.7087015444570043 0.00029093757543357835
0.7121489373661168 0.00029297237564092154
0.5773658670630335 0.00021645735039126657
0.7074587343321612 0.0002902080623278645
0.4758888590503431 0.0001634207100867469
0.1281437163145371 2.3513090506554413e-05
0.031034092967193557 2.8244934895860005e-06
0.84848957975531 0.00037629240127778365
0.8236146414274205 0.00036069461968136595
0.8458103559183366 0.0003746043317740958
0.8264624877436438 0.0003624699178746073
0.7761880078190868 0.0003314330555267579
0.8073456948182935 0.0003505850239006751
0.7626357567089888 0.00032319130624964865
0.7420950406255269 0.00031080350281974256
0.7007075898851494 0.0002862376490529037
0.7108062028091255 0.0002921797328895023
0.6872864895922458 0.0002783902036147663
0.7705610132337419 0.0003280039359421937
0.635800425927892 0.0002488459287039176
0.7140537468539417 0.0002940994588779735
0.5405106138482773 0.00019670370361289275
0.6375990657065593 0.00024986232186908645
0.024981108037046982 9.78959661755797e-06
0.0 0.0
0.0 0.0
0.791682540079065 0.0003409230439167879
0.8306155969548029 0.0003650655222487993
0.8347999325510083 0.0003676876302920916
0.8090256743337849 0.0003516260198100186
0.7620299648390904 0.0003228233261845729
0.7833201141636638 0.0003357928832195652
0.731528031925856 0.0003044787920322756
0.7649839808644712 0.0003246125374560488
0.7146970103858956 0.0002944801826743525
0.7891656934443326 0.00033937360397449424
0.6977036116436944 0.0002844739958718719
0.7944554430711773 0.0003426255933887497
0.6388106494463561 0.0002505472860087059
0.6912897121551825 0.0002807251479193859
0.5097420076067474 0.00018063472652556502
0.3841563567552038 0.00011946494382373327
0.018014126816594946 1.2504109818949416e-06
0.0 0.0
0.0 0.0
0.7707920884830847 0.0003281431494931958
0.8215162283523084 0.00035938706138482763
0.7644906039807395 0.00032431526198312523
0.7818774551745242 0.00033490782539454537
0.7386476477164144 0.0003087355119066206
0.773952198649771 0.0003300697160147638
0.718475402976499 0.0002967166903966375
0.7992455705372812 0.0003455770005433391
0.7319152391004302 0.0003047109523422911
0.8031988308841438 0.00034802043103028334
0.6709176185509708 0.0002688984141742807
0.7681316004771391 0.00032652583017842756
0.5724751906370807 0.00021380517182318374
0.6628299848239768 0.00026424247608995694
0.046508390529661936 5.175267664578661e-06
0.046508390529661936 5.175267664578661e-06
0.046508390529661936 5.175267664578661e-06
0.7782239681241061 0.00033267440366972474
0.8083324485857569 0.00035119458227215664
0.7388974587967849 0.00030888573808557276
0.7596380237445431 0.0003213739816014139
0.7305287876043741 0.0003038802513661543
0.7793293821547453 0.00033335190858163507
0.7170639703724058 0.00029587852077491393
0.758276553356524 0.0003205507970597235
0.6453744355830903 0.00025427042850094617
0.7416079090188045 0.00031051048989826443
0.5366941250679174 0.00019468794064488731
0.6509452226753517 0.00025743972233498413
0.32329738135534997 9.270972696960422e-05
0.10974887741145758 1.866422333922471e-05
0.00938153021777281 4.702707796853629e-07
0.0 0.0
0.0 0.0
0.724227303102029 0.00030012920936042114
0.7406461363593781 0.0003099337448054908
0.6872677537612181 0.00027837849092873513
0.7407710418995633 0.00031000823640871586
0.6224111765477357 0.00024131379243696953
0.7318965032694025 0.0003046994927586013
0.5246513574109579 0.00018837187266754516
0.7073962815620686 0.00029017112511163425
0.39494632184410533 0.0001244183599852611
0.539708720280288 0.00019628018797409458
0.15524072420232196 3.12828688154583e-05
0.06871053765589771 9.276678399460406e-06
0.011253926717919572 6.17773053253477e-07
0.0 0.0
0.0 0.0
0.5900125530067886 0.0002233586921415679
0.6139126035935323 0.0002365669244065425
0.5184441765914527 0.0001851395261258673
0.603873945328845 0.0002309938615671898
0.3803498604180588 0.00011773197439436426
0.42749295845017204 0.00013971923358210354
0.42749295845017204 0.00013971923358210354
0.09031669799713965 1.395573617451802e-05
0.015410470831433726 9.895818433934336e-07
0.021899376096826774 1.675516885292997e-06
0.011059448791851162 6.018364021895942e-07
0.0 0.0
0.0 0.0
0.01939445794118198 1.3967074042005732e-06
0.014604705191698777 9.130496568220284e-07
0.03337675882613773 3.1496812885255517e-06
0.028041168866045053 2.426503290186796e-06
0.028041168866045053 2.426503290186796e-06
0.0 0.0
0.0 0.0
0.0 0.0
0.0 0.0
0.0 0.0
