0.0 0.0
0.7657691460575168 0.007997539807595494
0.3399353407589201 0.09826714856522559
0.7452575357120382 0.006576651817671952
0.3933043861305141 0.0
0.2081964634069599 0.07102976283116229
0.0 0.0
0.0 0.0
0.0 0.0
0.0 0.0
0.8063605185325027 0.003332720277515575
0.8421197533194891 0.0033693632390189416
0.7274447800641872 0.0043666691535303
0.8036231200050343 0.004052430307249387
0.6248033478069347 0.004955427816059404
0.609562016235605 0.007567407650556919
0.602208797432509 0.006575036092127619
0.3933043861305141 0.0
0.3933043861305141 0.0
0.5626659744509471 0.033857412213831733
0.5626659744509471 0.033857412213831733
0.0 0.0
0.0 0.0
0.8005553457932163 0.003994418931156
0.8222342835567302 0.0030216781026996416
0.7381835630230948 0.003636919687480335
0.8408611792838714 0.003431873999905607
0.7039605751683343 0.004233259879169026
0.8266314265936694 0.003273146329368825
0.6624866276508715 0.004130723370996161
0.7116174249575231 0.00483392465747121
0.6250204518280787 0.005903568175696935
0.4109055440186269 0.03708077374111132
0.0028986690579573342 9.666742454691335e-08
0.4795812094896482 0.07572539339720596
0.3933043861305141 0.0
0.0 0.0
0.0 0.0
0.7823225410609779 0.004089278154379838
0.8142738027814486 0.0031834115747121005
0.7451395443961991 0.004072858235715185
0.8260178717513058 0.003310902654804607
0.7298887735196022 0.004588934800209238
0.8442121326537033 0.003211332299886728
0.6997144610156693 0.004219229219912215
0.8278821345415645 0.003392520247388459
0.6696109433012397 0.004431130328967655
0.7112485054433327 0.004596294104241395
0.6293326411176138 0.0068845844275061355
0.3933043861305141 0.0
0.3933043861305141 0.0
0.3933043861305141 0.0
0.3933043861305141 0.0
0.0 0.0
0.0 0.0
0.7783776980680889 0.004068751470895476
0.8042366748473979 0.00427520152798754
0.7473672204392423 0.004326949785782833
0.8188361336605626 0.0031753728310836326
0.7243825121137751 0.004242838762302562
0.836086464036247 0.003072835137813857
0.7204038449436788 0.0036899445139937704
0.8454471084261531 0.0030803780850796048
0.7149786042413945 0.004257554592536655
0.819795796362721 0.0034318783504814045
0.6720746019759612 0.00394431174855264
0.7174438361336606 0.004476411896734001
0.6319489018941539 0.004853095828519287
0.6187889371342269 0.017174115676798187
0.3933043861305141 0.0
0.0028704769995594993 8.770656357844063e-08
0.3933043861305141 0.0
0.7801719526776163 0.003830410236061293
0.8043074696369014 0.00348389802010572
0.7521529482096785 0.0037769510724938644
0.8122364860612925 0.00415683139890504
0.7391912088603612 0.004045918730224656
0.8226197218551381 0.003585593712636083
0.7274723113712164 0.004458015796590838
0.8383597633880813 0.003441148251997986
0.7156000251714807 0.0037103360385123654
0.8368180101944497 0.0032440338028601095
0.695340916241898 0.0039327300143084136
0.8017588572147757 0.0040962661773960105
0.6663473035051287 0.004057322096312379
0.7547015606318042 0.005159026663244919
0.6367912654961928 0.004164665819646341
0.3933043861305141 0.0
0.5906959914416966 0.10137642744320685
0.0 0.0
0.0 0.0
0.787198728840224 0.0036159658729784153
0.805141274935498 0.0034289437131080486
0.7575286325593104 0.003530394014465736
0.8168145491158517 0.003210301717953558
0.7410507519979863 0.003703712374425776
0.8215892643634762 0.0032676659016896356
0.7360825309923856 0.0038375221103769427
0.8262695865584293 0.0031911440329431755
0.7381583915423825 0.0046045360858504815
0.837982191177396 0.0030937464516078285
0.7089956579195771 0.004254207916084576
0.8384148260021396 0.0030570197544207414
0.6826820212699012 0.0037659402753130703
0.8381080485809578 0.003765979848735133
0.6543373607702473 0.004066687067066264
0.7721446101566924 0.005273145414574287
0.5545639040966585 0.006690536220974136
0.0 0.0
0.0 0.0
0.80617173242716 0.003428124366386634
0.8119375747278333 0.0038257118227298472
0.7703023724120571 0.0034350786965106034
0.8191901076080801 0.003189541259675288
0.7530913724749858 0.003842919840947706
0.8270089988043546 0.0033017341866465296
0.7491103454785728 0.004187234678190485
0.8211880938896231 0.003556072921779624
0.7704062047699956 0.006427961210118935
0.8313982757535712 0.003122108375023598
0.7348341828708074 0.004083980589799257
0.8470989868479013 0.003069844373387452
0.7137420552514001 0.00472182480330061
0.8520152916745327 0.003094451378138569
0.6908871373733559 0.00456620435945661
0.8009722484425146 0.004405747852558052
0.642264489333585 0.0034029549023503873
0.08947832106223648 0.040651701346674216
0.3933043861305141 0.0
0.8129994965703857 0.0035710433787206593
0.8243502611541124 0.0031132989007929017
0.802781448618715 0.004097573125668617
0.8257582908564596 0.0029614417312472468
0.7667885910263671 0.004328383574397457
0.8224702661884086 0.0028498101241268645
0.7595871877163174 0.0040153297917059965
0.8237367063117488 0.003626426713233906
0.7864498772890315 0.005719110694638475
0.8375888867912655 0.003195786893996602
0.7929252407022843 0.00719201430597508
0.8305330061040841 0.0034621017519350576
0.7157227361399534 0.005107905608237367
0.8333883959473916 0.002995772933028129
0.7093881756969354 0.006389984245752312
0.7362988484047575 0.0036377875423824805
0.6852141149078095 0.0054948210652806615
0.003255671449248002 1.0445268380765841e-07
0.3933043861305141 0.0
0.8415848593543516 0.0035472212712384372
0.835158265684979 0.002843789058901265
0.8245705116103454 0.0036392914272229565
0.8342222012459883 0.0029757790407306025
0.7946007173872003 0.004137056851047763
0.8245469133471777 0.0029097848298565224
0.7863185136240639 0.004806765073783903
0.8238389654521427 0.0028860726637719466
0.8150289472028192 0.005031206292240891
0.8230366245044365 0.0031406830680101947
0.8286766094015481 0.005529377823296206
0.8247750298911334 0.00321859382889686
0.7651563778239255 0.005290398318167517
0.7957098357560883 0.003104183425759864
0.7224199232269838 0.0077306155984519535
0.6537930274998427 0.004060950397221698
0.6765401799760871 0.007336198749606695
0.4793208419860298 0.019052524148102698
0.3933043861305141 0.0
0.0 0.0
0.0 0.0
0.8499779749543767 0.0036897373897174504
0.8535885092190548 0.003318564334371657
0.8567034799572085 0.004348267048801208
0.8335614498772891 0.0032091949107985653
0.8401846957397269 0.0047012702687055565
0.8237052419608584 0.0032222278248694226
0.8463831728651438 0.004836301160405261
0.830918444402492 0.003284587373985275
0.8622333396262035 0.004719873923447234
0.8263797117865458 0.003506378699893021
0.8423714681266126 0.006651213485463469
0.8187574727833364 0.0033095323310364353
0.8008070606003398 0.005511690731782141
0.7576010005663583 0.004028702416721729
0.7427490403372978 0.007629072492920521
0.6554370398338683 0.004815692562771381
0.6256670442388773 0.00893921789456296
0.4751455226228683 0.005427777363130074
0.3933043861305141 0.0
0.8772968976150022 0.003943984705886979
0.8532895978855957 0.0038344871962903535
0.8922896608142974 0.004011056174878862
0.8419309672141464 0.0031072304276005287
0.8912434711471903 0.004331879979076207
0.8247199672770751 0.0030578389642722296
0.8924233843055818 0.0054953290189415395
0.8227770436095904 0.003088433505286011
0.8953181045875024 0.00522825483764395
0.8184349631867095 0.0034644843052671326
0.8595274054496256 0.005260092839500346
0.7952614687558995 0.0030022074759297715
0.799430495248883 0.01144464696998301
0.7000676483544145 0.0036320139657510546
0.6717969290793531 0.011221292825184066
0.7303284878232962 0.004881720104587502
0.43056525706374676 0.020795139389984896
0.46188959159272547 0.026192834960040278
0.5193088855326915 0.02063546559908124
0.8763293688251211 0.003622579108142974
0.8485935435151973 0.0036431393713422695
0.8815917815115474 0.003721463387294695
0.8369360015102888 0.003080761421559373
0.8934459757095211 0.004439711742495752
0.8274573658045434 0.0035622039597885593
0.9075420049084387 0.004617755229375118
0.821612862626644 0.0035542725953369835
0.9007850355547165 0.005374741095195393
0.8001148448807501 0.0030258983238153673
0.8597712541690264 0.006400575699373859
0.77148621861431 0.00398873033261752
0.7835291989176263 0.008402645482112517
0.7339311560002517 0.003655791820464414
0.5683594487445724 0.011278070213328299
0.7345824680636839 0.005550439016267069
0.0 0.0
0.0 0.0
0.0 0.0
0.9009344912214461 0.0043608923206532
0.886767667233025 0.0039867832844062675
0.9138034107356365 0.0038539110565729033
0.8774463532817318 0.003660381530740671
0.9311874646026053 0.004438784406267699
0.8519366307973066 0.003995156830123969
0.9284972626014726 0.004957005475740985
0.8329636272103706 0.004099580424768737
0.9098389025234409 0.0057329677119124026
0.7969920080548738 0.00350523461078598
0.8460999937071298 0.006941285894374175
0.756150493990309 0.0032692847143115603
0.7283934302435341 0.00882404937134227
0.7113484047574099 0.0033789902844062678
0.38706107230507836 0.0194012427187559
0.5907880246680511 0.010435975061748788
0.6906409288276383 0.3931135073296205
0.0 0.0
0.0 0.0
0.9402413315713297 0.004835933838257505
0.9269004467937827 0.00506399082499528
0.9524966962431565 0.005331733606758543
0.8969149203951923 0.004139549370398339
0.9487445723994714 0.005189898459505381
0.8812299414763074 0.004344296177789315
0.9418538795544648 0.00527407091372475
0.8484755521993581 0.004304884954927317
0.8845415644075263 0.006268047279120257
0.7932870807375244 0.0034070172872223267
0.7734197029765276 0.011189604236753508
0.7412418979296457 0.0029910296568497895
0.5603501982254107 0.016307815783934303
0.6545631174878862 0.0027601093887735196
0.6285011956453338 0.04908034971925932
0.6285011956453338 0.04908034971925932
0.6285011956453338 0.04908034971925932
0.8448256874960669 0.005546187707586055
0.8525659178151155 0.004654242601944496
0.8245705116103454 0.005334929981593355
0.8619501604681895 0.004262610748064942
0.7904631552451072 0.006911778210937008
0.8352919891762632 0.004553285220958404
0.6944001321502737 0.01631201462431565
0.7927915172109999 0.004510555625511296
0.5689124347114719 0.006792871361698446
0.7582837769806808 0.0031817663110487067
0.3416666666666667 0.0071045825000000005
0.633905197910767 0.0031133112766031086
0.3933043861305141 0.0
0.3933043861305141 0.0
0.6810970045937952 0.018309930774494998
0.0 0.0
0.0 0.0
0.6933397835252659 0.010071592363444718
0.7133141400792902 0.00693529659090051
0.5990576426908313 0.015043475617487886
0.7415313699578377 0.006043198883235793
0.2908124095399912 0.03780939380152287
0.7345462840601599 0.004728847376596816
0.3933043861305141 0.0
0.7144861871499592 0.003892999453338368
0.0031471430369391477 1.0081715361682712e-07
0.22316012208168146 0.03290763792240891
0.003454950915612611 1.096884726590523e-07
0.0037665581146560947 1.1823828571203825e-07
0.7483174438361336 0.014781215141117613
0.0 0.0
0.0 0.0
0.33115993329557614 0.03223007427600529
0.5055636838462022 0.013754820590035239
0.0030839626203511424 9.905132823296207e-08
0.4765362469322258 0.009575948228478383
0.3933043861305141 0.0
0.3933043861305141 0.0
0.0 0.0
0.3933043861305141 0.0
0.5268335850481405 0.33566991137908253
0.5646340695991442 0.0853111262098043
0.3933043861305141 0.0
0.0 0.0
0.0 0.0
0.6191004342080423 0.06334264182556164
0.3933043861305141 0.0
0.3933043861305141 0.0
0.0036010162985337614 1.1144821352495122e-07
0.0036010162985337614 1.1144821352495122e-07
0.0 0.0
0.0 0.0
0.0 0.0
0.0 0.0
0.0 0.0
