0. 0.
0.74479844 0.43946322
0.74317542 0.46131406
0.74966753 0.46370763
0.74625702 0.56239498
0.76031374 0.65442136
0. 0.
0. 0.
0. 0.
0. 0.
0.7252792  0.60279647
0.72514336 0.3692525 
0.73977921 0.6571979 
0.72784602 0.40412632
0.75394317 0.60529946
0.73591111 0.39605852
0.75410047 0.5700329 
0.7446769  0.48337593
0.75116901 0.55322126
0.75217715 0.86129608
0.75831891 0.64455204
0. 0.
0. 0.
0.73030559 0.5324822 
0.72660194 0.37696663
0.73773434 0.56462246
0.72442122 0.37307831
0.74329696 0.50832376
0.72408517 0.37600725
0.74713646 0.46211713
0.72801047 0.38779143
0.74905264 0.46802778
0.73797028 0.45062995
0.75137636 0.51063722
0.74867369 0.72378602
0.75736798 0.54202912
0. 0.
0. 0.
0.73237906 0.48801066
0.72738843 0.50762425
0.73858518 0.51495346
0.7257511  0.37109311
0.74196708 0.48474564
0.72379917 0.37181216
0.7445625  0.46578271
0.72422102 0.37767396
0.74689337 0.46995631
0.72772447 0.38537832
0.74918134 0.44760917
0.73745549 0.42014467
0.75302798 0.4847261 
0.74574223 0.7211443 
0.76064263 0.55942109
0. 0.
0. 0.
0.7330869  0.46326799
0.7290758  0.48153532
0.73742689 0.45844178
0.72738128 0.4711912 
0.74199568 0.48018515
0.72568675 0.36275958
0.74365446 0.4734304 
0.72343453 0.36968237
0.74547054 0.46537238
0.72465001 0.37391459
0.74695057 0.47036273
0.72936895 0.40312981
0.74976048 0.43807006
0.74200998 0.46661704
0.75744663 0.47707645
0.74637142 0.82370044
0.76172942 0.58499027
0.7333586  0.46143716
0.72852526 0.47102902
0.73819193 0.5079701 
0.72568675 0.40998812
0.73892122 0.49127959
0.72482876 0.39669551
0.74024395 0.48431968
0.72516481 0.35756407
0.74391186 0.48099018
0.72338448 0.36957686
0.74528464 0.47331317
0.72514336 0.37431319
0.74721511 0.46182013
0.73316555 0.38488788
0.75364288 0.44778307
0.74815175 0.53211877
0.76381004 0.47950519
0. 0.
0. 0.
0.73305115 0.45106177
0.72848951 0.45154048
0.7368406  0.45279491
0.72588695 0.39871587
0.74047275 0.5306455 
0.72463571 0.35318921
0.73789879 0.459323  
0.72194735 0.47298295
0.73777009 0.44471148
0.72424962 0.36077829
0.74379031 0.49055859
0.72369192 0.36873666
0.7442765  0.49145935
0.72610859 0.36975076
0.74816605 0.49121902
0.74500579 0.419367  
0.76460368 0.459323  
0. 0.
0. 0.
0.73187142 0.42453907
0.72740988 0.38812946
0.73704795 0.43333959
0.72474296 0.38831118
0.73827773 0.43636623
0.72455706 0.35289612
0.74022965 0.48519113
0.72369192 0.38573003
0.73605411 0.43602234
0.72429967 0.34750522
0.74018676 0.46703518
0.72423532 0.35958835
0.74143084 0.49107443
0.7255509 0.3638362
0.74343996 0.49559974
0.73535342 0.42400955
0.75561625 0.49525976
0.75309233 0.72042135
0.76807853 0.58725097
0.73255066 0.40795212
0.73007679 0.37770913
0.73622571 0.41854831
0.72313423 0.4647354 
0.74012956 0.46562248
0.72397792 0.34895894
0.73844933 0.43248376
0.72369192 0.34960765
0.73508172 0.42898231
0.72444981 0.34573104
0.73578241 0.40708653
0.72467146 0.35681376
0.73774149 0.42448045
0.7258941  0.39451296
0.73781299 0.42814212
0.73917147 0.54257622
0.7446769  0.46087638
0.75893381 0.91220388
0.77508544 0.50905648
0.73176417 0.39781511
0.72749567 0.37241397
0.73478858 0.40161551
0.72451416 0.37266407
0.7368692 0.4105235
0.72396362 0.34203811
0.73593971 0.41215699
0.72329868 0.34564507
0.7328867  0.42395484
0.72421387 0.34633286
0.73401639 0.397014  
0.72388497 0.39495064
0.73620426 0.40549993
0.72875406 0.46730482
0.73599691 0.41103347
0.74935293 0.68448459
0.73905707 0.39515776
0.75116186 0.56501716
0.77716606 0.54243945
0. 0.
0. 0.
0.72979794 0.37425067
0.72701663 0.36822669
0.73257211 0.40217434
0.72342738 0.30728348
0.73376614 0.40344244
0.72332013 0.34455282
0.7334301 0.4062053
0.72419242 0.33990832
0.73129942 0.40604508
0.72374912 0.37993661
0.73379474 0.38950698
0.72510761 0.40315717
0.73473138 0.39391115
0.7330726  0.51860341
0.73511032 0.39358289
0.75332828 0.65937068
0.73879252 0.37117908
0.748259   0.54500692
0.77022351 0.690151  
0.72665914 0.37452812
0.72412092 0.37888149
0.72800332 0.38125161
0.72318428 0.34589127
0.7292188  0.37708192
0.72384207 0.33874964
0.7290329  0.37725777
0.72399222 0.3771718 
0.73089903 0.38733812
0.725365   0.38441112
0.7330726  0.38139425
0.72816062 0.51044964
0.73497447 0.38824083
0.74131644 0.60114735
0.73515322 0.37233581
0.75671734 0.50839605
0.74182408 0.38118127
0.7553517  0.58406997
0.76155067 0.68667886
0.72314138 0.35154986
0.72266949 0.34574668
0.72429252 0.36559865
0.72398507 0.34293301
0.7252363  0.37867242
0.72405657 0.37861185
0.72844661 0.37300992
0.72464286 0.38178113
0.73184997 0.37888149
0.72653044 0.38832095
0.7330726  0.37494431
0.73240766 0.47464966
0.73448828 0.37429756
0.7478443  0.48463231
0.73586821 0.36493235
0.75952725 0.48240092
0.75089016 0.38484685
0. 0.
0. 0.
0.72452131 0.37743949
0.7256796  0.35871103
0.72502896 0.38114024
0.72499321 0.37184147
0.72776737 0.36290808
0.72547225 0.37227524
0.72964065 0.36118276
0.72614434 0.37906125
0.73085613 0.36138987
0.73022694 0.44302133
0.73356594 0.37285556
0.73759849 0.43591878
0.73493158 0.36009246
0.75721783 0.46180254
0.73987931 0.37092312
0.76574052 0.49114282
1.         0.97696703
0. 0.
0. 0.
0.72864681 0.3567864 
0.72818922 0.36009832
0.7290186  0.35709708
0.72886131 0.3535077 
0.73001959 0.35188789
0.72921165 0.36226523
0.73088473 0.35425801
0.73187857 0.40947619
0.7330154  0.36410975
0.73575381 0.41548844
0.73438818 0.35737649
0.7441764 0.4986596
0.73731964 0.34211822
0.77532854 0.45935817
0.75336403 0.37669895
0.7706525  0.57334678
0.75760392 0.6010223 
0.7333014  0.35737258
0.7330726  0.36358023
0.73415224 0.36402378
0.73353019 0.38001282
0.73506027 0.35575082
0.73578956 0.41162356
0.73552502 0.35165342
0.73772004 0.3882721 
0.73587536 0.35024463
0.74185983 0.46997976
0.73790594 0.33804231
0.7666557  0.52582319
0.74967468 0.36521177
0.78042642 0.53850813
0.99443737 0.97696703
0. 0.
0. 0.
0.73645451 0.35746637
0.73716235 0.36311715
0.73631151 0.35170813
0.73779869 0.36162239
0.73660465 0.34336874
0.73988646 0.36239029
0.73768429 0.33868907
0.74599248 0.42364612
0.74194563 0.35493798
0.76519712 0.55518691
0.75146216 0.37940514
0.77550014 0.74384902
0.97490383 0.97696703
0. 0.
0. 0.
0.74214583 0.3549712 
0.74381891 0.35692709
0.74399765 0.35116689
0.74860219 0.36933848
0.74689337 0.36822278
0.75674594 0.40133024
0.75163375 0.39420815
0.76318085 0.60383206
0.71499049 0.97696703
0.75818307 0.89400494
0.75547325 0.78309573
0. 0.
0. 0.
0.96016788 0.97696703
0.71499049 0.97696703
0.74365446 0.01661645
0.75902675 0.70510641
0.98549284 0.97696703
0. 0.
0. 0.
0. 0.
0. 0.
0. 0.
