0.0 0.0
0.17277513143868126 0.0
0.19127243701050645 0.0010063359346702673
0.17277513143868126 0.0
0.23307883556472414 0.06223601143598595
0.17277513143868126 0.0
0.0 0.0
0.0 0.0
0.0 0.0
0.0 0.0
0.2769706299554067 0.0025710214181555563
0.23127160768987556 0.0023556400872859966
0.4010179910744367 0.005897450780338881
0.3089426680281347 0.004362641203758896
0.4056293593325351 0.009030526426820229
0.31470299091030035 0.007271401426777036
0.22598641641916628 0.01909327594227237
0.18068650470725847 0.0005742054501742437
0.43276369372497997 0.2554816138268482
0.32850772391225097 0.02980655701527505
0.17277513143868126 0.0
0.0 0.0
0.0 0.0
0.6426906616769209 0.012203924436450716
0.44812858616382195 0.0076849571241233835
0.5879053952490294 0.018782930682271718
0.3104769111953102 0.004249932151205883
0.6305929469735844 0.007327363925243655
0.4797516184710438 0.012770412381757022
0.32640332281132783 0.2228241243669951
0.500455262471341 0.015802975914110028
0.18681311086807412 0.014545474306610207
0.3474214175508434 0.020328530436585477
0.44724052198822706 1.94312589588225
0.17277513143868126 0.0
0.1930623873722112 0.0019211696086124947
0.0 0.0
0.0 0.0
0.6501700971169014 0.016902406997738376
0.674256678190768 0.019232497488713467
0.631631325513531 0.014577482524659334
0.5685200255016094 0.015855170731201632
0.5477265384329641 0.010853256131703027
0.5195158149716562 0.013328022378353349
0.4232126844590497 0.010728526193573801
0.6089822335332341 0.01878947693521105
0.27308837275197956 0.03341208931783195
0.7394188190128665 0.026697677704924264
0.1810355104727646 0.002841098887155378
0.4460587400891865 0.011081169644791607
0.17277513143868126 0.0
0.17277513143868126 0.0
0.2707783692446444 0.03636336876260178
0.0 0.0
0.0 0.0
0.6545136639212699 0.020711430381124663
0.6930632512478684 0.015546794851992184
0.5747831240162615 0.040909556590420997
0.6830664821428263 0.023858282701581066
0.539958568523481 0.019822580996636068
0.6431917095580931 0.021745411231765748
0.45977535777410344 0.01755068288956041
0.643231447838324 0.021551984244981316
0.34003873618446856 0.03423475992031611
0.6251816298569249 0.02432200360979082
0.17277513143868126 0.0
0.5887537211443934 0.014830352983394583
0.18129294541860821 0.0007985174686024392
0.2913351543832187 0.005215773268922764
0.20616392558920638 0.007984172195470872
0.19525663154148246 0.05183516848858043
0.19615851772759238 0.01425499641007832
0.6190498404421662 0.02072913152714211
0.6812022384746029 0.024771783161681243
0.6086936990637316 0.039066144214020014
0.7383527964518899 0.028161809350590112
0.6383833776501545 0.014799897197414593
0.8565016145836033 0.01749019122060447
0.5315634248868755 0.020004379525110274
0.7049449970369065 0.01838115881973852
0.4428451226444271 0.014769017693728436
0.6046421222314945 0.025862236565783268
0.3716358522219746 0.0056734672471911085
0.6021541603387774 0.020753664643988205
0.23822753448159686 0.007062159968693147
0.4586782356894678 0.010711696309350417
0.20128130037474926 0.01877153432920919
0.20616392558920638 0.007984172195470872
0.20616392558920638 0.007984172195470872
0.0 0.0
0.0 0.0
0.7328309032511097 0.01728308402227417
0.7586884294222227 0.02399921174369846
0.6671849920609827 0.01802647114499807
0.786833498333584 0.019838275626784987
0.668928293137199 0.020121496843225575
0.704768766402839 0.032168254143061265
0.6156444426015097 0.023522604427362745
0.6415641678199407 0.032791178650695335
0.5494698395091805 0.02087210637661178
0.7159369508990354 0.015960382446392196
0.48882576837420333 0.011628822851584435
0.6210713094799987 0.020174942524279225
0.35865007334304333 0.018933029776757256
0.46941102685443864 0.008114802303438052
0.20639026101139107 0.005881544546093814
0.20787612714176373 0.005165742547085543
0.20616392558920638 0.007984172195470872
0.0 0.0
0.0 0.0
0.6517682670827092 0.013682310523560481
0.7335012707610917 0.022002837619020468
0.6724546335698625 0.011686925304127424
0.7619746124221864 0.02274311344173245
0.6159882651130727 0.037161155261261916
0.781259772593372 0.022185511888311246
0.6474575275533141 0.018322271080725726
0.6842603583010676 0.017544298734767712
0.6557576448676283 0.024505138582587377
0.7015706987199091 0.01618018471043752
0.5938678650349783 0.0117760434429246
0.6656922149253525 0.01927778085202328
0.5213472313649062 0.007312885479632403
0.5422599332742443 0.00883525799681057
0.3200192817046686 0.0239101446267798
0.3115204729891998 0.003130811905588757
0.3010969493095042 0.008985937355192843
0.17277513143868126 0.0
0.19844951597046928 0.2387228607415163
0.6620691204190834 0.02481825684111772
0.7281746134588372 0.016283440706166517
0.659632991065798 0.014786992760721993
0.7395967773982484 0.028844865995953605
0.6763368907732897 0.014843159939666927
0.7792607643226265 0.026436499355721534
0.7288950857569365 0.017868935916839874
0.6870973259592907 0.02583506558526712
0.6472882079245043 0.031293277869751744
0.8203950676155477 0.046069038903430795
0.6960626275296439 0.01425076859846541
0.7433356312425815 0.01108402626458438
0.6144453831893253 0.00830134146050274
0.514833608909668 0.009153278216165878
0.4765328177723411 0.01446210387344567
0.28662875980282904 0.004104781806260334
0.2506172391570647 0.01595163690200367
0.20616392558920638 0.007984172195470872
0.17277513143868126 0.0
0.7681357736092899 0.011903646456468443
0.7864775815628202 0.018324770354897397
0.6830388381217961 0.01569391016798926
0.7406748942184258 0.01991274826110469
0.6810139135813348 0.014015402544286586
0.7925350776710604 0.016606383749980563
0.7121894582981305 0.019229329030887015
0.7250197395587669 0.02048659277281625
0.7115536458144361 0.02059926458023418
0.6453842259760499 0.0431017919165427
0.702799129904438 0.015567071007296292
0.6483542304854809 0.014566704167163396
0.17277513143868126 0.0
0.45770032844552483 0.009156981621045392
0.5828413561465616 0.011830513847062908
0.2628099801826924 0.004315313593601791
0.3985006574093751 0.009771116569480655
0.20616392558920638 0.007984172195470872
0.17277513143868126 0.0
0.0 0.0
0.0 0.0
0.7503485738276776 0.022453955967221103
0.7675759821834285 0.012132536247185926
0.7868386815875271 0.013345177459065254
0.7550739736725254 0.018691025636892324
0.719454652575127 0.0219934409473606
0.7894216698025354 0.028834494853374387
0.7745560974935513 0.013481768521753253
0.700077921584279 0.03388272128779672
1.0 0.0191043
0.7676329979768033 0.01143174413247015
0.8655256596986456 0.03600093394720338
0.5977898605186364 0.012480417591963883
0.5954936790218163 0.019155602469302174
0.40700983263273016 0.004464450153165154
0.5694564667140071 0.012545069016062905
0.23146166033445809 0.002077815122506207
0.4908973422001531 0.011395347273694813
0.20616392558920638 0.007984172195470872
0.3792172249895039 0.6644378764208594
0.7256365467780029 0.027716994049970023
0.7427240072772886 0.018524873644708676
0.7604956572970714 0.017303101393085885
0.705022745846054 0.023631375408915547
0.6873115671222747 0.025632322659631265
0.8037758277224609 0.02849682706332381
0.6955633073997861 0.01934570226871025
0.7582599470962547 0.015381757982815785
0.6518874819234018 0.019510470823981878
0.6223204736803004 0.04653183529778659
0.6144643884537835 0.018793147535103586
0.5353195562443525 0.019728292202139994
0.5137589475921194 0.010669334816435061
0.30587245394246937 0.002987110621783143
0.41042559698127296 0.005745794187499029
0.17915398929139736 0.01596998367482338
0.31941111324200444 0.005217899945921384
0.20616392558920638 0.007984172195470872
0.1998351725246075 0.004383664278568801
0.7211443933605973 0.015732918772190806
0.7262758147643261 0.019653386685430048
0.7029252557503883 0.024870409351281212
0.7235787949625682 0.01869127035783457
0.48655204764447024 0.012050531874420123
0.8463493478602664 0.012059377952856578
0.6092759512566799 0.02964517439472552
0.7067297641446681 0.014471210669555468
0.6036071991941768 0.019447016743637986
0.6714110717759728 0.010689669955959618
0.5247301684384756 0.010212980687368582
0.5303712764799485 0.012734532571049452
0.39486028538996215 0.0110576674320605
0.25464635522221474 0.0013461268417569849
0.28700022633542216 0.003645362074821998
0.17277513143868126 0.0
0.18987986945111068 0.004221010509911245
0.0 0.0
0.0 0.0
0.8631828289163371 0.011269024468068564
0.6533042380011991 0.033830967982349296
0.6409162610770457 0.023273143547108004
0.6491334463282693 0.05683812456050326
0.6544860199002397 0.01635540929150102
0.6292262956839044 0.02919949794172986
0.6421274147484307 0.016214102498846725
0.6345322199703863 0.026661711365493695
0.6170300991556479 0.012037948719477111
0.5665987660400112 0.010684069631833474
0.4603817984854532 0.01179631678441292
0.5216668653580678 0.01167276561256559
0.3122685893083293 0.00432863595813313
0.17064187689080784 0.1567606721313713
0.2238647378050993 0.0025721834509068106
0.17277513143868126 0.0
0.17277513143868126 0.0
0.0 0.0
0.0 0.0
0.6790390938289906 0.009759964703422847
0.6015477196274277 0.018304615870086922
0.6716892397375891 0.011349600252770018
0.6186904681687737 0.013069093711503544
0.6142225032697693 0.01748599333433543
0.5674125369090874 0.03178049248600953
0.590766551425654 0.016596522882511185
0.5624573461394261 0.012556129058012705
0.5453094143441369 0.010232185850753386
0.4982040025086949 0.01000089732595929
0.17277513143868126 0.0
0.4166990620038114 0.008876023379930787
0.25799646502081075 0.0031950540224642224
0.20616392558920638 0.007984172195470872
0.17277513143868126 0.0
0.20478518004032573 0.02190484678301344
0.19158170449578169 0.01670918152100859
0.5554858695858753 0.007088110793089686
0.6942640384113672 0.0058155304883143535
0.5032075703151592 0.017274964926648317
0.5980853059933966 0.007110516585894293
0.5568507931242409 0.012119244976476666
0.4714808729290741 0.35258046898945555
0.512247165192031 0.014151135286728971
0.4531356094729149 0.008692228515153243
0.45105021363645004 0.00851709097405436
0.42875876617823133 0.005636291236672558
0.3840756616855597 0.0034411412538982392
0.2082994262137885 0.074421843895941
0.17277513143868126 0.0
0.20616392558920638 0.007984172195470872
0.17277513143868126 0.0
0.0 0.0
0.0 0.0
0.5629998600521435 0.005043910116208554
0.4856017844215575 0.00687558710544639
0.4769854886167105 0.009758884604353587
0.4846964427328188 0.010934848687340938
0.4771807245152362 0.010702877342442038
0.4283406503601498 0.00548391684436589
0.45326173531886516 0.011045988489720743
0.29676547676433646 0.004154835380891416
0.3516112144882314 0.005647755132717217
0.6295355631691797 0.21470751056779092
0.07281694302048941 2.933423267886114e-08
0.17277513143868126 0.0
0.33811402122024165 0.42614876892535597
0.0 0.0
0.0 0.0
0.4350650584757432 0.013151364120134004
0.45369540089877625 0.007297599784376636
0.17277513143868126 0.0
0.3398901495714313 0.00492048772830074
0.4318739017980708 0.009062312393160177
0.18368415323771958 0.00555168821587216
0.21012911485572414 0.002877970382886969
0.20616392558920638 0.007984172195470872
0.17277513143868126 0.0
0.2904090796787074 0.021465732328991495
0.29098096536376944 0.32041659981996834
0.0 0.0
0.0 0.0
0.5603045680017001 4.493889169383556
0.17277513143868126 0.0
0.17277513143868126 0.0
0.20616392558920638 0.007984172195470872
0.20616392558920638 0.007984172195470872
0.0 0.0
0.0 0.0
0.0 0.0
0.0 0.0
0.0 0.0
