4946 5555
5346 5555
5229 5838
4946 5955
4663 5838
4546 5555
4663 5272
4946 5155
5229 5272
5746 5555
5685 5861
5512 6121
5252 6294
4946 6355
4640 6294
4380 6121
4207 5861
4146 5555
4207 5249
4380 4989
4640 4816
4946 4755
5252 4816
5512 4989
5685 5249
6146 5555
6087 5926
5917 6260
5651 6526
5317 6696
4946 6755
4575 6696
4241 6526
3975 6260
3805 5926
3746 5555
3805 5184
3975 4850
4241 4584
4575 4414
4946 4355
5317 4414
5651 4584
5917 4850
6087 5184
6546 5555
6468 6049
6240 6495
5886 6849
5440 7077
4946 7155
4452 7077
4006 6849
3652 6495
3424 6049
3346 5555
3424 5061
3652 4615
4006 4261
4452 4033
4946 3955
5440 4033
5886 4261
6240 4615
6468 5061
