
0.0 25.5
1.8738049713193021 37.34317343173433
3.7476099426386185 41.077490774907744
8.900573613766724 42.477859778597804
26.701720841300187 42.477859778597804
47.78202676864245 42.477859778597804
63.24091778202677 42.94464944649448
70.26768642447419 43.878228782287835
75.88910133843211 46.678966789667896
80.10516252390056 52.28044280442805
84.32122370936901 57.415129151291524
87.13193116634798 63.95018450184503
91.34799235181643 70.95202952029521
94.62715105162522 75.61992619926201
99.31166347992351 83.08856088560887
103.05927342256214 89.1568265682657
107.27533460803059 96.15867158671588
111.49139579349904 103.16051660516607
115.70745697896749 109.69557195571956
119.45506692160612 115.29704797047971
125.54493307839388 119.03136531365314
132.5717017208413 123.23247232472326
140.06692160611854 126.03321033210332
146.1567877629063 126.96678966789669
151.77820267686423 127.43357933579337
159.2734225621415 127.43357933579337
166.3001912045889 126.03321033210332
172.8585086042065 123.23247232472326
180.35372848948376 119.49815498154982
184.1013384321224 114.83025830258303
190.19120458891015 108.76199261992622
197.21797323135755 101.29335793357933
204.7131931166348 95.22509225092253
211.2715105162524 89.62361623616238
215.01912045889102 83.08856088560887
220.1720841300191 77.02029520295204
226.26195028680687 68.61808118081183
230.4780114722753 60.68265682656826
235.16252390057363 51.81365313653137
237.50478011472276 44.81180811808119
241.2523900573614 35.9428044280443
244.53154875717016 24.273062730627316
245.0   0.
