4946 3695
4946 3885
5136 3885
4756 3885
5326 3885
4566 3885
5516 3885
4376 3885
5706 3885
4186 3885
4946 4075
5136 4075
4756 4075
5326 4075
4566 4075
5516 4075
4376 4075
5706 4075
4186 4075
5896 4075
3996 4075
6086 4075
3806 4075
4946 4265
5136 4265
4756 4265
5326 4265
4566 4265
5516 4265
4376 4265
5706 4265
4186 4265
5896 4265
3996 4265
6086 4265
3806 4265
6276 4265
3616 4265
4946 4455
5136 4455
4756 4455
5326 4455
4566 4455
5516 4455
4376 4455
5706 4455
4186 4455
5896 4455
3996 4455
6086 4455
3806 4455
6276 4455
3616 4455
6466 4455
3426 4455
4946 4645
5136 4645
4756 4645
5326 4645
4566 4645
5516 4645
4376 4645
5706 4645
4186 4645
5896 4645
3996 4645
6086 4645
3806 4645
6276 4645
3616 4645
6466 4645
3426 4645
4946 4835
5136 4835
4756 4835
5326 4835
4566 4835
5516 4835
4376 4835
5706 4835
4186 4835
5896 4835
3996 4835
6086 4835
3806 4835
6276 4835
3616 4835
6466 4835
3426 4835
6656 4835
3236 4835
4946 5025
5136 5025
4756 5025
5326 5025
4566 5025
5516 5025
4376 5025
5706 5025
4186 5025
5896 5025
3996 5025
6086 5025
3806 5025
6276 5025
3616 5025
6466 5025
3426 5025
6656 5025
3236 5025
4946 5215
5136 5215
4756 5215
5326 5215
4566 5215
5516 5215
4376 5215
5706 5215
4186 5215
5896 5215
3996 5215
6086 5215
3806 5215
6276 5215
3616 5215
6466 5215
3426 5215
6656 5215
3236 5215
4946 5405
5136 5405
4756 5405
5326 5405
4566 5405
5516 5405
4376 5405
5706 5405
4186 5405
5896 5405
3996 5405
6086 5405
3806 5405
6276 5405
3616 5405
6466 5405
3426 5405
6656 5405
3236 5405
4946 5595
5136 5595
4756 5595
5326 5595
4566 5595
5516 5595
4376 5595
5706 5595
4186 5595
5896 5595
3996 5595
6086 5595
3806 5595
6276 5595
3616 5595
6466 5595
3426 5595
6656 5595
3236 5595
6846 5595
3046 5595
4946 5785
5136 5785
4756 5785
5326 5785
4566 5785
5516 5785
4376 5785
5706 5785
4186 5785
5896 5785
3996 5785
6086 5785
3806 5785
6276 5785
3616 5785
6466 5785
3426 5785
6656 5785
3236 5785
4946 5975
5136 5975
4756 5975
5326 5975
4566 5975
5516 5975
4376 5975
5706 5975
4186 5975
5896 5975
3996 5975
6086 5975
3806 5975
6276 5975
3616 5975
6466 5975
3426 5975
6656 5975
3236 5975
4946 6165
5136 6165
4756 6165
5326 6165
4566 6165
5516 6165
4376 6165
5706 6165
4186 6165
5896 6165
3996 6165
6086 6165
3806 6165
6276 6165
3616 6165
6466 6165
3426 6165
6656 6165
3236 6165
4946 6355
5136 6355
4756 6355
5326 6355
4566 6355
5516 6355
4376 6355
5706 6355
4186 6355
5896 6355
3996 6355
6086 6355
3806 6355
6276 6355
3616 6355
6466 6355
3426 6355
6656 6355
3236 6355
4946 6545
5136 6545
4756 6545
5326 6545
4566 6545
5516 6545
4376 6545
5706 6545
4186 6545
5896 6545
3996 6545
6086 6545
3806 6545
6276 6545
3616 6545
6466 6545
3426 6545
4946 6735
5136 6735
4756 6735
5326 6735
4566 6735
5516 6735
4376 6735
5706 6735
4186 6735
5896 6735
3996 6735
6086 6735
3806 6735
6276 6735
3616 6735
6466 6735
3426 6735
4946 6925
5136 6925
4756 6925
5326 6925
4566 6925
5516 6925
4376 6925
5706 6925
4186 6925
5896 6925
3996 6925
6086 6925
3806 6925
6276 6925
3616 6925
4946 7115
5136 7115
4756 7115
5326 7115
4566 7115
5516 7115
4376 7115
5706 7115
4186 7115
5896 7115
3996 7115
6086 7115
3806 7115
4946 7305
5136 7305
4756 7305
5326 7305
4566 7305
5516 7305
4376 7305
5706 7305
4186 7305
4946 7495
