0.0 0.0
0.6771632037293904 0.0
0.6730984827901789 0.0
0.68575667443623 0.0
0.6825949864866797 0.0
0.6827186798415582 0.0
0.0 0.0
0.0 0.0
0.0 0.0
0.0 0.0
0.6875377157483805 0.0
0.6902975790421988 0.0
0.6791208476927257 0.0
0.6821938768214383 0.0
0.671934478271439 0.0
0.6808861592140825 0.0
0.6718930088229828 0.0
0.6923874962462999 0.0
0.6734495431210765 0.0
0.7041026154352147 0.0
0.6791859118273728 0.0
0.0 0.0
0.0 0.0
0.6653201012426535 0.0
0.6765089874304673 0.0
0.6619110265833464 0.0
0.6823354449385823 0.0
0.661255380303442 0.0
0.6838783944173543 0.0
0.6630886159214082 0.0
0.6880053195292504 0.0
0.6649761908166623 0.0
0.7000557692582688 0.0
0.6715319386252163 0.0
0.7113297393144672 0.0
0.6790057342237349 0.0
0.0 0.0
0.0 0.0
0.6587221689951525 0.0
0.6626982311135262 0.0
0.6578820551686663 0.0
0.6694148517824713 0.0
0.6579385394174257 0.0
0.6738692425390742 0.0
0.6587965280061776 0.0
0.6766684303098769 0.0
0.6613812186297923 0.0
0.6585970456592928 0.0
0.6634997354535185 0.0
0.6963413936594643 0.0
0.6692003546352834 0.0
0.7123092762866254 0.0
0.6809741030444295 0.0
0.0 0.0
0.0 0.0
0.6559537258154466 0.0
0.6577833864809599 0.0
0.6559201212623872 0.0
0.6613368892193735 0.0
0.6561396233430096 0.0
0.6656411319729447 0.0
0.6565922123235761 0.0
0.6694591811928902 0.0
0.6580236232858103 0.0
0.672256223992221 0.0
0.6602243640159586 0.0
0.6796063262358611 0.0
0.6619760907179935 0.0
0.697402439547554 0.0
0.6718057799831262 0.0
0.7015029100112969 0.0
0.684487566315368 0.0
0.6540797357395147 0.0
0.6547704165534599 0.0
0.6539917919091676 0.0
0.6575023952181436 0.0
0.6539303027269737 0.0
0.6615664011668645 0.0
0.6553588537272454 0.0
0.6638214811743004 0.0
0.6560931489611188 0.0
0.6673828488081108 0.0
0.6567166206689451 0.0
0.6713288813258784 0.0
0.6596881211479887 0.0
0.6792009266276758 0.0
0.6620954941299281 0.0
0.7029557706882499 0.0
0.6771503339005591 0.0
0.0 0.0
0.0 0.0
0.6547175072571535 0.0
0.6557613933734682 0.0
0.6543156826014215 0.0
0.6545938139022751 0.0
0.6531659778924941 0.0
0.6585612961347614 0.0
0.6530272697373125 0.0
0.6608921651342038 0.0
0.6549069797371695 0.0
0.6649068367390714 0.0
0.6557485235446369 0.0
0.6681092791465874 0.0
0.6564821037880196 0.0
0.6723420228510961 0.0
0.6591525932705095 0.0
0.6868234402482447 0.0
0.6681757732622157 0.0
0.0 0.0
0.0 0.0
0.6563691352905007 0.0
0.6570934206575053 0.0
0.6550528377972573 0.0
0.6561296134761408 0.0
0.6544872803191717 0.0
0.6547475368577598 0.0
0.6545559194062719 0.0
0.65782914587236 0.0
0.6538352089917204 0.0
0.6612939897899358 0.0
0.654703207447341 0.0
0.6655388883327852 0.0
0.6547110723427378 0.0
0.668885043828917 0.0
0.6572171140123837 0.0
0.67759648796671 0.0
0.6637950265261472 0.0
0.7149904906264747 0.0
0.6791208476927257 0.0
0.658485507142755 0.0
0.6584690623614706 0.0
0.6568574737955986 0.0
0.6572457136320087 0.0
0.6562533068310191 0.0
0.654974903833779 0.0
0.655599090532096 0.0
0.6558572020992122 0.0
0.6545165949292875 0.0
0.49484563355307376 0.0
0.6546145486265033 0.0
0.6638071813644878 0.0
0.6550085083868384 0.0
0.6670117687434757 0.0
0.6557585334115056 0.0
0.6724170968526119 0.0
0.6613769286868484 0.0
0.7149904906264747 0.0
0.6748280447870044 0.0
0.6609465044114914 0.0
0.6593191860548255 0.0
0.6584497576182237 0.0
0.6579585591511633 0.0
0.65760106390585 0.0
0.6545559194062719 0.0
0.6565099884171541 0.0
0.6545387596344969 0.0
0.6562397220116972 0.0
0.6586764096037523 0.0
0.6573358024338277 0.0
0.663146530151149 0.0
0.657586049105547 0.0
0.6661909596602366 0.0
0.6574795155224435 0.0
0.6705552616150205 0.0
0.6598304042556234 0.0
0.6903426234431083 0.0
0.6717879052208606 0.0
0.0 0.0
0.0 0.0
0.6599119131715548 0.0
0.6590396247729905 0.0
0.6604202714103903 0.0
0.6569039481774893 0.0
0.6583861234645579 0.0
0.6534984484706354 0.0
0.6580743876106447 0.0
0.654799016173085 0.0
0.6587328938525118 0.0
0.6590103101628749 0.0
0.6218686991463014 0.0
0.6633002531066337 0.0
0.662637456921823 0.0
0.6660257968569019 0.0
0.6631243654459397 0.0
0.6711065192832936 0.0
0.6650062204172685 0.0
0.7149904906264747 0.0
0.6719044486708327 0.0
0.6590088801818936 0.0
0.657964994065579 0.0
0.6588573021978809 0.0
0.6555540461311865 0.0
0.6596788262716106 0.0
0.65328681128541 0.0
0.6592548369106691 0.0
0.6554568074244613 0.0
0.6606891078348658 0.0
0.6585520012583832 0.0
0.6643591540232515 0.0
0.6630800360355208 0.0
0.6697702020563127 0.0
0.6662767585191117 0.0
0.6753042284537616 0.0
0.6742560523945033 0.0
0.6858346083997083 0.0
0.7149904906264747 0.0
0.6787032932461999 0.0
0.656575052551801 0.0
0.6555297364545052 0.0
0.657442336016931 0.0
0.6543607270023309 0.0
0.7149904906264747 0.0
0.6543163975919121 0.0
0.6588093978350088 0.0
0.6561088787519127 0.0
0.6635433498734468 0.0
0.6583103344725515 0.0
0.6698645808010754 0.0
0.6630907608928802 0.0
0.676838598046646 0.0
0.6669445596373568 0.0
0.6815317956271182 0.0
0.6808346798987573 0.0
0.6853305401038166 0.0
0.0 0.0
0.0 0.0
0.6544529607756218 0.0
0.6543199725443651 0.0
0.6559458609200498 0.0
0.6549091247086415 0.0
0.657792681357338 0.0
0.6560338047503969 0.0
0.6621012140538531 0.0
0.6565378730462885 0.0
0.6682637170925626 0.0
0.6586134904405772 0.0
0.6750682815918548 0.0
0.6633760420986401 0.0
0.6789027755930845 0.0
0.6697051379216657 0.0
0.6806437774377602 0.0
0.876471092934464 0.0
0.6810799216370422 0.0
0.0 0.0
0.0 0.0
0.6569411276830018 0.0
0.6567094707640388 0.0
0.6590818092119375 0.0
0.6564964035978321 0.0
0.6617780383520899 0.0
0.6564041698245413 0.0
0.6653429809383535 0.0
0.6583181993679484 0.0
0.6740980394960747 0.0
0.6608614205431068 0.0
0.6768185783129084 0.0
0.6660629763624144 0.0
0.6792574108764354 0.0
0.6817498677267593 0.0
0.6788298465630407 0.0
0.7149904906264747 0.0
0.6907773376614091 0.0
0.6589395261043028 0.0
0.6578169910340194 0.0
0.6610930774620698 0.0
0.6579814388468633 0.0
0.6647917232700805 0.0
0.6590496346398593 0.0
0.6716370422273383 0.0
0.660992978793382 0.0
0.6763910139995138 0.0
0.6651713832206032 0.0
0.6812529493357738 0.0
0.679003589252263 0.0
0.6796263459695986 0.0
0.7650612746850467 0.0
0.6949657519554989 0.0
0.0 0.0
0.0 0.0
0.6607899214940441 0.0
0.6603909568002746 0.0
0.6632051593713804 0.0
0.6607034076446784 0.0
0.6699811242510475 0.0
0.6622735267620942 0.0
0.6762708955970885 0.0
0.6679691410104246 0.0
0.6862864823897842 0.0
0.682075903390485 0.0
0.6843145386166364 0.0
0.6896440777337661 0.0
0.6939862149833407 0.0
0.0 0.0
0.0 0.0
0.6664161816647839 0.0
0.666580629477628 0.0
0.6733315696901232 0.0
0.6708998870315025 0.0
0.6901924754400767 0.0
0.6804414351289129 0.0
0.6946583060445296 0.0
0.6899272139680543 0.0
0.6932662195592799 0.0
0.7149904906264747 0.0
0.689131429551987 0.0
0.0 0.0
0.0 0.0
0.7107041226351689 0.0
0.7088916217414309 0.0
0.7044758404713217 0.0
0.7021921608442607 0.0
0.6980981252949336 0.0
0.0 0.0
0.0 0.0
0.0 0.0
0.0 0.0
0.0 0.0
