0. 0.
0.6771632 0.0289265
0.67309848 0.026802  
0.68575667 0.0386869 
0.68259499 0.0289678 
0.68271868 0.0355808 
0. 0.
0. 0.
0. 0.
0. 0.
0.68753772 0.0312789 
0.69029758 0.0332879 
0.67912085 0.0281123 
0.68219388 0.0293266 
0.67193448 0.0233633 
0.68088616 0.0256894 
0.67189301 0.0252943 
0.6923875 0.0237815
0.67344954 0.029814  
0.70410262 0.0278158 
0.67918591 0.040337  
0. 0.
0. 0.
0.6653201 0.0221425
0.67650899 0.0297875 
0.66191103 0.021679  
0.68233544 0.0360754 
0.66125538 0.0213137 
0.68387839 0.0249963 
0.66308862 0.0203692 
0.68800532 0.0220337 
0.66497619 0.0216952 
0.70005577 0.0234264 
0.67153194 0.0233624 
0.71132974 0.0267088 
0.67900573 0.0395413 
0. 0.
0. 0.
0.65872217 0.0216555 
0.66269823 0.0218746 
0.65788206 0.0214661 
0.66941485 0.0266971 
0.65793854 0.02163   
0.67386924 0.0253278 
0.65879653 0.0211328 
0.67666843 0.0252792 
0.66138122 0.0204896 
0.65859705 0.00152171
0.66349974 0.0213756 
0.69634139 0.0236377 
0.66920035 0.0235628 
0.71230928 0.0308232 
0.6809741 0.0405618
0. 0.
0. 0.
0.65595373 0.0191116 
0.65778339 0.0189382 
0.65592012 0.0194485 
0.66133689 0.0213458 
0.65613962 0.0196809 
0.66564113 0.0220521 
0.65659221 0.0202415 
0.66945918 0.0243756 
0.65802362 0.0211546 
0.67225622 0.0270868 
0.66022436 0.0205674 
0.67960633 0.024308  
0.66197609 0.0214286 
0.69740244 0.0251462 
0.67180578 0.0238232 
0.70150291 0.0394114 
0.68448757 0.0429537 
0.65407974 0.0177849 
0.65477042 0.019294  
0.65399179 0.0177047 
0.6575024 0.0183495
0.6539303 0.0193204
0.6615664 0.0209073
0.65535885 0.0196427 
0.66382148 0.0216803 
0.65609315 0.0201337 
0.66738285 0.0215066 
0.65671662 0.0217546 
0.67132888 0.0257071 
0.65968812 0.0209442 
0.67920093 0.0231045 
0.66209549 0.0217452 
0.70295577 0.0267801 
0.67715033 0.032291  
0. 0.
0. 0.
0.65471751 0.0189711 
0.65576139 0.0188331 
0.65431568 0.0176609 
0.65459381 0.0223644 
0.65316598 0.019632  
0.6585613 0.021758 
0.65302727 0.0196267 
0.66089217 0.020268  
0.65490698 0.0190452 
0.66490684 0.0206072 
0.65574852 0.0209142 
0.66810928 0.0201798 
0.6564821 0.0220647
0.67234202 0.0231774 
0.65915259 0.0211283 
0.68682344 0.0233255 
0.66817577 0.024511  
0. 0.
0. 0.
0.65636914 0.0189526 
0.65709342 0.0185732 
0.65505284 0.0190582 
0.65612961 0.0184386 
0.65448728 0.0190088 
0.65474754 0.0188687 
0.65455592 0.0195169 
0.65782915 0.0180164 
0.65383521 0.0194224 
0.66129399 0.0196629 
0.65470321 0.0200356 
0.66553889 0.0199065 
0.65471107 0.0212046 
0.66888504 0.0190626 
0.65721711 0.0217829 
0.67759649 0.0200353 
0.66379503 0.0206588 
0.71499049 0.01      
0.67912085 0.0399826 
0.65848551 0.0178134 
0.65846906 0.0178713 
0.65685747 0.0185334 
0.65724571 0.0178855 
0.65625331 0.0186864 
0.6549749 0.0185333
0.65559909 0.0188861 
0.6558572 0.0186566
0.65451659 0.0193551 
0.49484563 0.0625308 
0.65461455 0.0237814 
0.66380718 0.0193369 
0.65500851 0.0209879 
0.66701177 0.0190146 
0.65575853 0.0210093 
0.6724171 0.018967 
0.66137693 0.0204295 
0.71499049 0.01      
0.67482804 0.0300951 
0.6609465 0.0186428
0.65931919 0.0173348 
0.65844976 0.0178644 
0.65795856 0.0177363 
0.65760106 0.0183257 
0.65455592 0.0184425 
0.65650999 0.0186716 
0.65453876 0.0186092 
0.65623972 0.0194228 
0.65867641 0.0179068 
0.6573358 0.019314 
0.66314653 0.0190666 
0.65758605 0.0240224 
0.66619096 0.0186551 
0.65747952 0.0235333 
0.67055526 0.0188094 
0.6598304 0.0211668
0.69034262 0.0247364 
0.67178791 0.0270696 
0. 0.
0. 0.
0.65991191 0.0173958 
0.65903962 0.0176563 
0.66042027 0.0190422 
0.65690395 0.0178992 
0.65838612 0.0184272 
0.65349845 0.0189878 
0.65807439 0.0188486 
0.65479902 0.0188775 
0.65873289 0.0222413 
0.65901031 0.0180308 
0.6218687 0.0511788
0.66330025 0.0186315 
0.66263746 0.0251014 
0.6660258 0.0185493
0.66312437 0.0255722 
0.67110652 0.0184936 
0.66500622 0.0221461 
0.71499049 0.01      
0.67190445 0.0339593 
0.65900888 0.0182145 
0.65796499 0.018194  
0.6588573 0.0181953
0.65555405 0.0185848 
0.65967883 0.0210518 
0.65328681 0.01918   
0.65925484 0.0228088 
0.65545681 0.0186002 
0.66068911 0.0226775 
0.658552  0.0177685
0.66435915 0.0236178 
0.66308004 0.0183895 
0.6697702 0.0291921
0.66627676 0.0179374 
0.67530423 0.0319967 
0.67425605 0.0189507 
0.68583461 0.0349149 
0.71499049 0.01      
0.67870329 0.0429684 
0.65657505 0.019093  
0.65552974 0.0189768 
0.65744234 0.0192725 
0.65436073 0.0191281 
0.71499049 0.0917141 
0.6543164 0.0187761
0.6588094 0.0225526
0.65610888 0.0186752 
0.66354335 0.0230976 
0.65831033 0.0180989 
0.66986458 0.0277215 
0.66309076 0.0181299 
0.6768386 0.0289313
0.66694456 0.0177181 
0.6815318 0.0299905
0.68083468 0.0185374 
0.68533054 0.0384314 
0. 0.
0. 0.
0.65445296 0.0195481 
0.65431997 0.0191183 
0.65594586 0.0194114 
0.65490912 0.0189879 
0.65779268 0.0217612 
0.6560338 0.0186248
0.66210121 0.0228413 
0.65653787 0.0187939 
0.66826372 0.0265042 
0.65861349 0.0179847 
0.67506828 0.0255873 
0.66337604 0.017969  
0.67890278 0.0265957 
0.66970514 0.0183956 
0.68064378 0.028492  
0.87647109 0.01      
0.68107992 0.0332347 
0. 0.
0. 0.
0.65694113 0.0193096 
0.65670947 0.0187744 
0.65908181 0.0211691 
0.6564964 0.0187508
0.66177804 0.0227807 
0.65640417 0.0187971 
0.66534298 0.0238037 
0.6583182 0.0185631
0.67409804 0.0261995 
0.66086142 0.0194757 
0.67681858 0.0250503 
0.66606298 0.0176252 
0.67925741 0.027605  
0.68174987 0.0186121 
0.67882985 0.0274976 
0.71499049 0.01      
0.69077734 0.038727  
0.65893953 0.0213802 
0.65781699 0.0193567 
0.66109308 0.0225267 
0.65798144 0.0186449 
0.66479172 0.0243596 
0.65904963 0.0182637 
0.67163704 0.0264177 
0.66099298 0.0188842 
0.67639101 0.0243923 
0.66517138 0.0182001 
0.68125295 0.0249534 
0.67900359 0.0188761 
0.67962635 0.0263478 
0.76506127 0.00445323
0.69496575 0.0338868 
0. 0.
0. 0.
0.66078992 0.0220318 
0.66039096 0.0212293 
0.66320516 0.0229467 
0.66070341 0.0197939 
0.66998112 0.0275856 
0.66227353 0.0187923 
0.6762709 0.0246266
0.66796914 0.0190928 
0.68628648 0.0227802 
0.6820759 0.0189126
0.68431454 0.0251912 
0.68964408 0.0287017 
0.69398621 0.033292  
0. 0.
0. 0.
0.66641618 0.019921  
0.66658063 0.0191105 
0.67333157 0.0224256 
0.67089989 0.0196517 
0.69019248 0.0234455 
0.68044144 0.0196514 
0.69465831 0.0244925 
0.68992721 0.0219096 
0.69326622 0.0253229 
0.71499049 0.01      
0.68913143 0.0344644 
0. 0.
0. 0.
0.71070412 0.022869  
0.70889162 0.0265912 
0.70447584 0.0231746 
0.70219216 0.0344901 
0.69809813 0.0279181 
0. 0.
0. 0.
0. 0.
0. 0.
0. 0.
