4946 3795
4946 4020
5171 4020
4721 4020
5396 4020
4496 4020
5621 4020
4271 4020
4946 4245
5171 4245
4721 4245
5396 4245
4496 4245
5621 4245
4271 4245
5846 4245
4046 4245
6071 4245
3821 4245
4946 4470
5171 4470
4721 4470
5396 4470
4496 4470
5621 4470
4271 4470
5846 4470
4046 4470
6071 4470
3821 4470
6296 4470
3596 4470
4946 4695
5171 4695
4721 4695
5396 4695
4496 4695
5621 4695
4271 4695
5846 4695
4046 4695
6071 4695
3821 4695
6296 4695
3596 4695
4946 4920
5171 4920
4721 4920
5396 4920
4496 4920
5621 4920
4271 4920
5846 4920
4046 4920
6071 4920
3821 4920
6296 4920
3596 4920
6521 4920
3371 4920
4946 5145
5171 5145
4721 5145
5396 5145
4496 5145
5621 5145
4271 5145
5846 5145
4046 5145
6071 5145
3821 5145
6296 5145
3596 5145
6521 5145
3371 5145
4946 5370
5171 5370
4721 5370
5396 5370
4496 5370
5621 5370
4271 5370
5846 5370
4046 5370
6071 5370
3821 5370
6296 5370
3596 5370
6521 5370
3371 5370
4946 5595
5171 5595
4721 5595
5396 5595
4496 5595
5621 5595
4271 5595
5846 5595
4046 5595
6071 5595
3821 5595
6296 5595
3596 5595
6521 5595
3371 5595
6746 5595
3146 5595
4946 5820
5171 5820
4721 5820
5396 5820
4496 5820
5621 5820
4271 5820
5846 5820
4046 5820
6071 5820
3821 5820
6296 5820
3596 5820
6521 5820
3371 5820
4946 6045
5171 6045
4721 6045
5396 6045
4496 6045
5621 6045
4271 6045
5846 6045
4046 6045
6071 6045
3821 6045
6296 6045
3596 6045
6521 6045
3371 6045
4946 6270
5171 6270
4721 6270
5396 6270
4496 6270
5621 6270
4271 6270
5846 6270
4046 6270
6071 6270
3821 6270
6296 6270
3596 6270
6521 6270
3371 6270
4946 6495
5171 6495
4721 6495
5396 6495
4496 6495
5621 6495
4271 6495
5846 6495
4046 6495
6071 6495
3821 6495
6296 6495
3596 6495
4946 6720
5171 6720
4721 6720
5396 6720
4496 6720
5621 6720
4271 6720
5846 6720
4046 6720
6071 6720
3821 6720
6296 6720
3596 6720
4946 6945
5171 6945
4721 6945
5396 6945
4496 6945
5621 6945
4271 6945
5846 6945
4046 6945
6071 6945
3821 6945
4946 7170
5171 7170
4721 7170
5396 7170
4496 7170
5621 7170
4271 7170
4946 7395
