0.0 0.0
0.0224912 0.0
0.0236095 0.0
0.023732000000000003 0.0
0.0287827 0.0
0.0334925 0.0
0.0 0.0
0.0 0.0
0.0 0.0
0.0 0.0
0.030850399999999997 0.0
0.018897900000000002 0.0
0.0336346 0.0
0.020682700000000002 0.0
0.030978500000000003 0.0
0.0202698 0.0
0.0291736 0.0
0.024738600000000003 0.0
0.028313199999999997 0.0
0.0440801 0.0
0.0329874 0.0
0.0 0.0
0.0 0.0
0.0272518 0.0
0.0192927 0.0
0.0288967 0.0
0.0190937 0.0
0.0260154 0.0
0.0192436 0.0
0.0236506 0.0
0.0198467 0.0
0.023953099999999998 0.0
0.023062700000000002 0.0
0.0261338 0.0
0.0370425 0.0
0.0277404 0.0
0.0 0.0
0.0 0.0
0.024975800000000003 0.0
0.025979600000000002 0.0
0.026354700000000002 0.0
0.0189921 0.0
0.0248087 0.0
0.0190289 0.0
0.0238382 0.0
0.0193289 0.0
0.0240518 0.0
0.0197232 0.0
0.0229081 0.0
0.0215025 0.0
0.024807700000000002 0.0
0.0369073 0.0
0.0286305 0.0
0.0 0.0
0.0 0.0
0.0237095 0.0
0.0246444 0.0
0.0234625 0.0
0.024115 0.0
0.0245753 0.0
0.0185656 0.0
0.024229599999999997 0.0
0.0189199 0.0
0.0238172 0.0
0.0191365 0.0
0.0240726 0.0
0.0206317 0.0
0.0224199 0.0
0.0238809 0.0
0.0244162 0.0
0.042156 0.0
0.0299391 0.0
0.0236158 0.0
0.024106700000000002 0.0
0.0259973 0.0
0.0209827 0.0
0.0251431 0.0
0.0203024 0.0
0.024786899999999997 0.0
0.018299700000000002 0.0
0.0246165 0.0
0.0189145 0.0
0.024223599999999998 0.0
0.019156899999999998 0.0
0.0236354 0.0
0.0196981 0.0
0.022917 0.0
0.027233200000000003 0.0
0.0245405 0.0
0.0 0.0
0.0 0.0
0.0230848 0.0
0.0231093 0.0
0.0231735 0.0
0.020405799999999998 0.0
0.0271578 0.0
0.0180758 0.0
0.023507600000000003 0.0
0.024206699999999998 0.0
0.0227598 0.0
0.0184642 0.0
0.0251062 0.0
0.0188715 0.0
0.0251523 0.0
0.0189234 0.0
0.02514 0.0
0.021462699999999998 0.0
0.023507600000000003 0.0
0.0 0.0
0.0 0.0
0.0217274 0.0
0.019864 0.0
0.022177799999999998 0.0
0.0198733 0.0
0.0223327 0.0
0.0180608 0.0
0.024831500000000003 0.0
0.0197412 0.0
0.0223151 0.0
0.0177849 0.0
0.023902299999999998 0.0
0.0184033 0.0
0.025132599999999998 0.0
0.0186207 0.0
0.0253642 0.0
0.021700300000000002 0.0
0.0253468 0.0
0.0368703 0.0
0.0300548 0.0
0.0208785 0.0
0.0193307 0.0
0.0214208 0.0
0.0237846 0.0
0.02383 0.0
0.0178593 0.0
0.022134 0.0
0.0178925 0.0
0.0219548 0.0
0.0176941 0.0
0.020834199999999997 0.0
0.0182613 0.0
0.021724399999999998 0.0
0.020190700000000002 0.0
0.021911800000000002 0.0
0.0277684 0.0
0.0235871 0.0
0.0466855 0.0
0.0260529 0.0
0.020359699999999998 0.0
0.0190597 0.0
0.020554199999999998 0.0
0.0190725 0.0
0.0210101 0.0
0.0175051 0.0
0.021093700000000003 0.0
0.0176897 0.0
0.0216975 0.0
0.0177249 0.0
0.020318700000000002 0.0
0.0202131 0.0
0.020753 0.0
0.0239161 0.0
0.021036199999999998 0.0
0.0350311 0.0
0.0202237 0.0
0.028916900000000002 0.0
0.0277614 0.0
0.0 0.0
0.0 0.0
0.0191537 0.0
0.0188454 0.0
0.0205828 0.0
0.0157264 0.0
0.0206477 0.0
0.017633799999999998 0.0
0.0207891 0.0
0.0173961 0.0
0.0207809 0.0
0.0194447 0.0
0.0199345 0.0
0.0206331 0.0
0.020159899999999998 0.0
0.0265415 0.0
0.0201431 0.0
0.0337458 0.0
0.0189965 0.0
0.027892800000000002 0.0
0.0353211 0.0
0.0191679 0.0
0.0193907 0.0
0.019512 0.0
0.0177023 0.0
0.0192986 0.0
0.0173368 0.0
0.0193076 0.0
0.0193032 0.0
0.0198235 0.0
0.019673700000000002 0.0
0.0195193 0.0
0.0261242 0.0
0.0198697 0.0
0.030766 0.0
0.0190557 0.0
0.026019100000000003 0.0
0.0195084 0.0
0.029892 0.0
0.0351434 0.0
0.0179919 0.0
0.0176949 0.0
0.0187109 0.0
0.0175509 0.0
0.019379999999999998 0.0
0.0193769 0.0
0.019090199999999998 0.0
0.0195391 0.0
0.0193907 0.0
0.0198738 0.0
0.0191892 0.0
0.024291999999999998 0.0
0.0191561 0.0
0.024802900000000003 0.0
0.0186768 0.0
0.024688699999999997 0.0
0.019696 0.0
0.0 0.0
0.0 0.0
0.019316899999999998 0.0
0.0183584 0.0
0.0195063 0.0
0.0190304 0.0
0.0185732 0.0
0.0190526 0.0
0.0184849 0.0
0.0193999 0.0
0.0184955 0.0
0.022673299999999997 0.0
0.0190823 0.0
0.0223098 0.0
0.0184291 0.0
0.0236345 0.0
0.018983399999999997 0.0
0.025136099999999998 0.0
1.0 0.0
0.0 0.0
0.0 0.0
0.0182599 0.0
0.0184294 0.0
0.0182758 0.0
0.0180921 0.0
0.0180092 0.0
0.0185403 0.0
0.0181305 0.0
0.0209565 0.0
0.0186347 0.0
0.0212642 0.0
0.0182901 0.0
0.0255208 0.0
0.0175092 0.0
0.0235094 0.0
0.019279 0.0
0.0293432 0.0
0.030759599999999998 0.0
0.018289899999999998 0.0
0.0186076 0.0
0.0186303 0.0
0.0194486 0.0
0.018206899999999998 0.0
0.0210664 0.0
0.0179972 0.0
0.0198713 0.0
0.0179251 0.0
0.024053 0.0
0.0173006 0.0
0.026911 0.0
0.018691100000000002 0.0
0.0275602 0.0
1.0 0.0
0.0 0.0
0.0 0.0
0.0182947 0.0
0.0185839 0.0
0.018000000000000002 0.0
0.0185074 0.0
0.0175732 0.0
0.0185467 0.0
0.0173337 0.0
0.021681699999999998 0.0
0.0181653 0.0
0.0284138 0.0
0.0194175 0.0
0.0380693 0.0
1.0 0.0
0.0 0.0
0.0 0.0
0.018167 0.0
0.0182671 0.0
0.0179723 0.0
0.0189023 0.0
0.0188452 0.0
0.0205396 0.0
0.0201751 0.0
0.030903399999999998 0.0
1.0 0.0
0.0457541 0.0
0.0400779 0.0
0.0 0.0
0.0 0.0
1.0 0.0
1.0 0.0
0.00085041 0.0
0.0360865 0.0
1.0 0.0
0.0 0.0
0.0 0.0
0.0 0.0
0.0 0.0
0.0 0.0
