0.0 0.0
0.0289265 0.0
0.026802000000000003 0.0
0.038686899999999996 0.0
0.028967800000000002 0.0
0.035580799999999996 0.0
0.0 0.0
0.0 0.0
0.0 0.0
0.0 0.0
0.0312789 0.0
0.0332879 0.0
0.0281123 0.0
0.029326599999999998 0.0
0.023363299999999997 0.0
0.0256894 0.0
0.025294300000000002 0.0
0.0237815 0.0
0.029813999999999997 0.0
0.027815799999999998 0.0
0.040337 0.0
0.0 0.0
0.0 0.0
0.0221425 0.0
0.029787499999999998 0.0
0.021679 0.0
0.0360754 0.0
0.0213137 0.0
0.0249963 0.0
0.020369199999999997 0.0
0.0220337 0.0
0.021695199999999998 0.0
0.0234264 0.0
0.023362400000000002 0.0
0.026708799999999998 0.0
0.0395413 0.0
0.0 0.0
0.0 0.0
0.0216555 0.0
0.0218746 0.0
0.0214661 0.0
0.026697099999999998 0.0
0.021629999999999996 0.0
0.025327799999999998 0.0
0.0211328 0.0
0.025279199999999998 0.0
0.0204896 0.0
0.00152171 0.0
0.0213756 0.0
0.0236377 0.0
0.0235628 0.0
0.030823200000000002 0.0
0.0405618 0.0
0.0 0.0
0.0 0.0
0.0191116 0.0
0.018938200000000002 0.0
0.0194485 0.0
0.0213458 0.0
0.019680899999999998 0.0
0.0220521 0.0
0.020241500000000003 0.0
0.0243756 0.0
0.021154600000000003 0.0
0.0270868 0.0
0.0205674 0.0
0.024308 0.0
0.021428600000000003 0.0
0.025146199999999997 0.0
0.0238232 0.0
0.0394114 0.0
0.042953700000000004 0.0
0.0177849 0.0
0.019294 0.0
0.0177047 0.0
0.0183495 0.0
0.0193204 0.0
0.020907300000000004 0.0
0.0196427 0.0
0.0216803 0.0
0.0201337 0.0
0.021506599999999997 0.0
0.021754600000000002 0.0
0.0257071 0.0
0.0209442 0.0
0.0231045 0.0
0.0217452 0.0
0.0267801 0.0
0.032291 0.0
0.0 0.0
0.0 0.0
0.0189711 0.0
0.018833100000000002 0.0
0.0176609 0.0
0.0223644 0.0
0.019632 0.0
0.021758000000000003 0.0
0.0196267 0.0
0.020268 0.0
0.019045199999999998 0.0
0.0206072 0.0
0.020914199999999997 0.0
0.0201798 0.0
0.0220647 0.0
0.0231774 0.0
0.021128300000000003 0.0
0.0233255 0.0
0.024510999999999998 0.0
0.0 0.0
0.0 0.0
0.0189526 0.0
0.0185732 0.0
0.0190582 0.0
0.0184386 0.0
0.0190088 0.0
0.018868700000000002 0.0
0.0195169 0.0
0.0180164 0.0
0.0194224 0.0
0.0196629 0.0
0.020035599999999997 0.0
0.0199065 0.0
0.0212046 0.0
0.0190626 0.0
0.0217829 0.0
0.0200353 0.0
0.020658799999999998 0.0
0.01 0.0
0.0399826 0.0
0.0178134 0.0
0.0178713 0.0
0.0185334 0.0
0.017885500000000002 0.0
0.018686400000000002 0.0
0.0185333 0.0
0.0188861 0.0
0.018656600000000002 0.0
0.0193551 0.0
0.0625308 0.0
0.0237814 0.0
0.0193369 0.0
0.0209879 0.0
0.0190146 0.0
0.021009299999999998 0.0
0.018967 0.0
0.0204295 0.0
0.01 0.0
0.0300951 0.0
0.0186428 0.0
0.017334799999999997 0.0
0.0178644 0.0
0.0177363 0.0
0.0183257 0.0
0.0184425 0.0
0.0186716 0.0
0.0186092 0.0
0.0194228 0.0
0.0179068 0.0
0.019314 0.0
0.0190666 0.0
0.0240224 0.0
0.0186551 0.0
0.0235333 0.0
0.0188094 0.0
0.0211668 0.0
0.024736400000000002 0.0
0.0270696 0.0
0.0 0.0
0.0 0.0
0.0173958 0.0
0.0176563 0.0
0.0190422 0.0
0.0178992 0.0
0.018427199999999998 0.0
0.0189878 0.0
0.0188486 0.0
0.018877500000000002 0.0
0.022241300000000002 0.0
0.0180308 0.0
0.0511788 0.0
0.018631500000000002 0.0
0.0251014 0.0
0.0185493 0.0
0.0255722 0.0
0.0184936 0.0
0.0221461 0.0
0.01 0.0
0.0339593 0.0
0.0182145 0.0
0.018194 0.0
0.0181953 0.0
0.0185848 0.0
0.0210518 0.0
0.01918 0.0
0.022808799999999997 0.0
0.0186002 0.0
0.0226775 0.0
0.0177685 0.0
0.0236178 0.0
0.0183895 0.0
0.029192100000000002 0.0
0.0179374 0.0
0.031996699999999996 0.0
0.0189507 0.0
0.0349149 0.0
0.01 0.0
0.042968400000000004 0.0
0.019093 0.0
0.018976800000000002 0.0
0.019272499999999998 0.0
0.0191281 0.0
0.09171409999999999 0.0
0.0187761 0.0
0.0225526 0.0
0.0186752 0.0
0.0230976 0.0
0.0180989 0.0
0.0277215 0.0
0.0181299 0.0
0.028931300000000004 0.0
0.0177181 0.0
0.0299905 0.0
0.0185374 0.0
0.0384314 0.0
0.0 0.0
0.0 0.0
0.0195481 0.0
0.019118299999999998 0.0
0.019411400000000002 0.0
0.0189879 0.0
0.0217612 0.0
0.0186248 0.0
0.022841300000000002 0.0
0.0187939 0.0
0.0265042 0.0
0.0179847 0.0
0.0255873 0.0
0.017969 0.0
0.0265957 0.0
0.0183956 0.0
0.028492000000000003 0.0
0.01 0.0
0.0332347 0.0
0.0 0.0
0.0 0.0
0.0193096 0.0
0.0187744 0.0
0.0211691 0.0
0.0187508 0.0
0.0227807 0.0
0.0187971 0.0
0.0238037 0.0
0.0185631 0.0
0.026199499999999997 0.0
0.0194757 0.0
0.0250503 0.0
0.0176252 0.0
0.027605 0.0
0.0186121 0.0
0.0274976 0.0
0.01 0.0
0.038727 0.0
0.021380200000000002 0.0
0.0193567 0.0
0.0225267 0.0
0.0186449 0.0
0.024359600000000002 0.0
0.0182637 0.0
0.026417700000000002 0.0
0.0188842 0.0
0.0243923 0.0
0.0182001 0.0
0.0249534 0.0
0.0188761 0.0
0.0263478 0.0
0.00445323 0.0
0.0338868 0.0
0.0 0.0
0.0 0.0
0.0220318 0.0
0.021229300000000003 0.0
0.0229467 0.0
0.0197939 0.0
0.027585600000000002 0.0
0.018792299999999998 0.0
0.024626600000000002 0.0
0.0190928 0.0
0.0227802 0.0
0.018912599999999998 0.0
0.0251912 0.0
0.0287017 0.0
0.033292 0.0
0.0 0.0
0.0 0.0
0.019921 0.0
0.0191105 0.0
0.0224256 0.0
0.0196517 0.0
0.023445499999999998 0.0
0.0196514 0.0
0.0244925 0.0
0.0219096 0.0
0.025322900000000002 0.0
0.01 0.0
0.0344644 0.0
0.0 0.0
0.0 0.0
0.022869 0.0
0.026591200000000002 0.0
0.0231746 0.0
0.034490099999999996 0.0
0.027918099999999998 0.0
0.0 0.0
0.0 0.0
0.0 0.0
0.0 0.0
0.0 0.0
