0.00245593 6.4064e-05
0.0405686 0.000255353
0.0499558 0.000281971
0.0617252 0.000311484
0.0684249 0.00032678
0.0712637 0.000332978
0.0728334 0.000336341
0.0842658 0.000359543
0.0831311 0.000357335
0.0833858 0.000357829
0.0817675 0.000354656
0.0834076 0.000357874
0.0948186 0.000379187
0.0993835 0.000387225
0.102853 0.000393166
0.108659 0.0004028
0.110589 0.000405922
0.1081 0.000401892
0.105687 0.00039792
0.108077 0.000401851
0.104208 0.000395449
0.0866925 0.000364199
0.0528654 0.000289619
0.00377773 7.94024e-05
0.0 0.000
0.0784212 0.000347955
0.0838031 0.000358644
0.0837066 0.000358454
0.0844 0.00035831
0.0849 0.000359079
0.0855003 0.000361922
0.0857363 0.000362375
0.0875852 0.000365888
0.0868744 0.000364542
0.0862973 0.000363447
0.0854987 0.000361919
0.0946388 0.000378866
0.0987884 0.000386195
0.102996 0.000393412
0.0999221 0.00038816
0.0979594 0.000384748
0.0946403 0.000378865
0.0950037 0.000379519
0.0892775 0.000369062
0.080727 0.000352591
0.0481523 0.000277094
0.00928074 0.000124109