0.0 0.0
0.4925075514442137 0.03324125542642061
0.46398039770939525 0.028009986231278712
0.3933043861305141 0.0
0.408811591466868 0.034006215494147625
0.3933043861305141 0.0
0.0 0.0
0.0 0.0
0.0 0.0
0.0 0.0
0.5236643383047008 0.0031070419085331325
0.5534547857277704 0.005225072544742307
0.6107112516518785 0.003449462041367756
0.699810427285885 0.0065450609984425145
0.7419545654773142 0.0050490527548927066
0.7093519916934113 0.008812634468803097
0.7087714744194827 0.009894378905748537
0.6064958152413316 0.013893606135548424
0.49830643131332203 0.0764332302734252
0.3933043861305141 0.0
0.00381439966018501 1.4450471672644892e-07
0.0 0.0
0.0 0.0
0.7810741929393996 0.0035495916698131016
0.6751651878421748 0.003771006875306777
0.8229658297149329 0.004471856414479894
0.6030457491661947 0.004277783417657794
0.8486643383047008 0.00480236235109496
0.7288370775910893 0.004517696625448367
0.8024196085834749 0.005121547466333145
0.7443930526713234 0.004175211305267133
0.6960378516141212 0.021579052702237117
0.6884289849600402 0.0035918506918696117
0.3933043861305141 0.0
0.004982191177396011 2.0139262286829023e-07
0.6193521490151658 0.03713926581004971
0.0 0.0
0.0 0.0
0.8483418287080737 0.003808231919325404
0.8127556478509849 0.0037230141787804416
0.860345478572777 0.003932673596375307
0.7438259077465232 0.0034211380035712043
0.8346469699830092 0.004015478226118558
0.7519854005411868 0.004489969469259329
0.7948524321943238 0.004166036207287144
0.7693411364923541 0.0036797432690202
0.7336975331948902 0.005563261545450254
0.7397827386571015 0.002592095146671072
0.6017926813919828 0.012479555371829966
0.6769035932288717 0.002850488414338305
0.06914652948209678 0.00021416063111195013
0.3933043861305141 0.0
0.3933043861305141 0.0
0.0 0.0
0.0 0.0
0.8492936253225096 0.003851172901642439
0.8515118620602857 0.00358001983677868
0.8452661884085332 0.003878884275297338
0.8080910578314769 0.0035570067328991256
0.8290384494367882 0.00406205627147442
0.7944984582468063 0.003811963877745264
0.8055109810584608 0.00457892717182682
0.7848215971304512 0.0035609788808759675
0.7655441759486502 0.0046997445951245985
0.7667878044175949 0.003956632738672834
0.6993809388962305 0.0045615023596689945
0.7385005663583161 0.003016988978737965
0.5584764961298848 0.016012135468189543
0.6234267824554779 0.0033495474167767915
0.018222893461707884 0.00656078833301869
0.29259171858284566 0.13582517205021713
0.5917539802403876 0.12373575726826505
0.848860990497766 0.0034810600814926683
0.8451953936190296 0.003498601812346611
0.8438502926184632 0.003860319741127053
0.8432288716883771 0.0035815556064753636
0.8378877981247247 0.0036337434240293247
0.8218803096092128 0.0035960304502548612
0.8247435655402429 0.00394021238436851
0.8153514567994462 0.003740873251368699
0.8029702347240576 0.0042192793656786855
0.7947423069662073 0.003822050860392675
0.7753649864703291 0.004623703009219055
0.7682878673462966 0.003531427499378579
0.681683814737902 0.006815808804818766
0.7167531936316154 0.0032892592484267827
0.42594550374425777 0.03946926042980303
0.018222893461707884 0.00656078833301869
0.018222893461707884 0.00656078833301869
0.0 0.0
0.0 0.0
0.8364011075451513 0.003967376649518595
0.8394688817569693 0.003485743427097099
0.8371798502296898 0.0036608367926813925
0.8434963186709458 0.002898911278081933
0.8339232899125291 0.0036031156802592665
0.8332940028947203 0.003694933937055566
0.8313038827008998 0.004126683917154364
0.8328928324208672 0.003611981359574602
0.8361493927380278 0.0035055981365238183
0.8235479202064061 0.00404544032911711
0.820582405134982 0.004239588231074193
0.8036388521804795 0.004325875431848216
0.7791989176263294 0.004756814592379335
0.7571565666100308 0.003941431508448178
0.6207397268894342 0.005903110654773142
0.5779238248064943 0.006367795871247877
0.018222893461707884 0.00656078833301869
0.0 0.0
0.0 0.0
0.840121767037946 0.0032771805937323014
0.8434176577937197 0.003180468948304071
0.832310741929394 0.003309300802340948
0.8467450129003838 0.0033290711601692783
0.8383125668617456 0.00354614598908187
0.8382181738090744 0.003241263945393619
0.8442750613554842 0.004003130203417029
0.8595746019759612 0.0035352584230067333
0.8523456673588824 0.003585980168255617
0.8759753948776037 0.0042348592477660305
0.8384620225284752 0.0037730623321376878
0.8350088100182493 0.0038290831999244854
0.8377540746334403 0.00427040950774023
0.7924532754389277 0.004346035649424203
0.7876156314895224 0.004741201940721164
0.6925925051916179 0.005166726236879365
0.5375070794789504 0.008250626168585993
0.3933043861305141 0.0
0.32925319363161537 0.19243137051161033
0.8434176577937197 0.003503877449185073
0.8493172235856774 0.003019518072808508
0.8430558177584796 0.0032984221647473413
0.8555392989742622 0.0029713906500534897
0.84486501793468 0.003200737325844818
0.849183500094393 0.0031446284028695485
0.8453133849348687 0.0037670123029545028
0.8753461078597948 0.004256414216773646
0.8483024982694607 0.0036657950348467686
0.8338210307721352 0.0031203834288276383
0.8525501856396702 0.0035412291805896417
0.8823783902838085 0.003927819166509345
0.848860990497766 0.003424033600151029
0.8158706185891385 0.004964417698697376
0.8441806683028129 0.003930707794978289
0.732434239506639 0.007323295014103896
0.7467513057705619 0.005844867275344535
0.018222893461707884 0.00656078833301869
0.3933043861305141 0.0
0.854776288465169 0.0029609878020577687
0.857419293939966 0.003116024623843685
0.8576316783084765 0.0032747036136020393
0.8612107482222642 0.0031753443134478637
0.8538008935875653 0.003255918479642565
0.8574271600276886 0.0030146195776697498
0.8498442514630923 0.0034900723843685104
0.8924548486564722 0.004557624119312818
0.8536986344471713 0.00366575632535712
0.9257126675476685 0.004705860345478573
0.849970108866654 0.003578739645475426
0.8979611100622994 0.00493133302812913
0.8412072871436662 0.003472436384746083
0.8247042351016298 0.006444807939006355
0.8436693726008433 0.003681545351299478
0.7307807878673463 0.008858451632449185
0.8464932980932603 0.003964585221351708
0.018222893461707884 0.00656078833301869
0.3933043861305141 0.0
0.0 0.0
0.0 0.0
0.8597240576426909 0.003351582655276572
0.8662450443647347 0.0029118567292807248
0.858953181045875 0.002894646451529167
0.8651752564344598 0.0031636517531936316
0.8532188030960921 0.003804587964885784
0.8729154867535083 0.0035984107818891197
0.8537772953243975 0.0033738632001604684
0.9051821785916556 0.004209938949877289
0.8467528789881065 0.004376120488956013
0.9531259832609653 0.004670479349395884
0.8374551632999812 0.003681578516141212
0.9185466616323705 0.005449057618935246
0.8148637593606444 0.004529428355043735
0.8055975080234095 0.005903829393524637
0.7950884148260021 0.004167153792712856
0.6779639418538795 0.008670006277609969
0.8000440500912466 0.00478667155213643
0.018222893461707884 0.00656078833301869
0.3933043861305141 0.0
0.8657022843118747 0.003741937524778177
0.8845730287584167 0.0036655733281417153
0.8597476559058587 0.003388325694260902
0.8920458120948965 0.004178030367818262
0.8606443899062363 0.0041862861962746216
0.8928245547794349 0.004429463324680636
0.8421040211440438 0.0037304871295072684
0.927600528601095 0.005026806404568624
0.8450144736014096 0.004509369037505506
0.9668129758983072 0.007234187760288843
0.8041265496192813 0.004858138590790384
0.9213233905984519 0.005114422766188408
0.7642132339059845 0.004518708788630356
0.7540431690894217 0.013655570983575609
0.7069630608520546 0.006753335335095337
0.49670804228808757 0.021354720508070607
0.6183594487445724 0.004476001053332074
0.018222893461707884 0.00656078833301869
0.08943663079730665 0.024726813626423764
0.8878295890755774 0.004056537783965767
0.9078251840664527 0.004338995858504814
0.8771710402114404 0.004033600854729091
0.9167217292807249 0.0046296005755616385
0.6770145050657604 0.0031168122978415453
0.9167925240702284 0.004492127513215027
0.8629963501352967 0.004283534163677554
0.9492008054873828 0.0056618499166194705
0.8306509974199232 0.004543378534547857
0.9882244666792525 0.006388396829337361
0.7832318608017117 0.004860165168877037
0.9283635391101882 0.005532582511327167
0.7281503681329055 0.005033972910538985
0.6195196966836574 0.014935380847649612
0.618614309986785 0.005338449724749859
0.3933043861305141 0.0
0.03455721792209427 0.003296209130002832
0.0 0.0
0.0 0.0
0.916053111824303 0.0049886328758416715
0.9214728462651816 0.005173065626376565
0.9092174815933547 0.0049346778674249575
0.9371578251840664 0.005611082533037568
0.8797904474230697 0.004515568460921276
0.9576175193505758 0.006601470436095904
0.8574035617645208 0.004778850213957586
0.9772748725693788 0.0056270607615159516
0.8053929897426216 0.004037990778742685
1.0 0.00563944
0.7590113900950224 0.004019959615474168
0.865371908627525 0.005459795792193694
0.7031818324837958 0.007440507605877541
0.40135532691460574 0.03089332290093449
0.6123175067648354 0.012589554097838398
0.005381465924107986 2.120125367188975e-07
0.3933043861305141 0.0
0.0 0.0
0.0 0.0
0.9396749732553017 0.0053313023412623495
0.9562566861745642 0.005248347884101063
0.9000062928701781 0.005282397934680007
0.9689053552325215 0.005516598286766094
0.8621074822226418 0.005096089748914481
0.9822777043609591 0.006547489911742496
0.8184821597130452 0.004710176578251841
0.9787694292366749 0.007848918443851867
0.769389119627462 0.004299769564494053
0.9734912843748034 0.006871991795355862
0.7387758794286073 0.004839055887845321
0.7833238940280662 0.006704727705871248
0.6862091750047197 0.007556947160656976
0.018222893461707884 0.00656078833301869
0.3933043861305141 0.0
0.6354390850166761 0.04195423014914102
0.6591875904600089 0.06676779266251338
0.9214256497388459 0.006325734513561136
0.9459127808193317 0.006304442470266189
0.8792083569315965 0.006315678934931722
0.959308728210937 0.005954630730838211
0.8348436221760746 0.005320283086967466
0.9569410358064313 0.008115749938801837
0.7885674281039582 0.004386098777531307
0.9404930463784532 0.006904798988735762
0.7569740733748663 0.00397328878347807
0.8927301617267636 0.012042751335661695
0.7279781008117803 0.006496600327921465
0.29103737964885784 0.030181158344345857
0.3933043861305141 0.0
0.018222893461707884 0.00656078833301869
0.3933043861305141 0.0
0.0 0.0
0.0 0.0
0.8964586873072808 0.006642570616622617
0.9131819898055503 0.006505846372710968
0.8402948209678435 0.005911398438974892
0.9211267384053867 0.007960036456406142
0.7902507708765968 0.005736872886224907
0.8906299163048267 0.007910539291422818
0.7702716946699389 0.004571562507866088
0.826458372663772 0.008520372592977157
0.7360597193379901 0.005268479931911144
0.3933043861305141 0.0
0.003991654080926311 1.6141450772449815e-07
0.3933043861305141 0.0
0.3933043861305141 0.0
0.0 0.0
0.0 0.0
0.9116559687873639 0.007947579705336353
0.9152193065257064 0.007674196254955635
0.839799257441319 0.006257696982883394
0.8481923730413442 0.006498162926420616
0.738979611100623 0.0036488005073626586
0.4904285444591278 0.013896047592977157
0.6152185199169341 0.010280793642627904
0.018222893461707884 0.00656078833301869
0.3933043861305141 0.0
0.7722177647725127 0.02398292156409288
0.19564061418412937 0.2940947968661506
0.0 0.0
0.0 0.0
0.3933043861305141 0.0
0.004611226480397709 1.9278984567365172e-07
0.3933043861305141 0.0
0.018222893461707884 0.00656078833301869
0.018222893461707884 0.00656078833301869
0.0 0.0
0.0 0.0
0.0 0.0
0.0 0.0
0.0 0.0
