0.0 0.0
0.7447984441806924 0.0
0.7431754157669703 0.0
0.7496675294218587 0.0
0.7462570247815705 0.0
0.760313737827287 0.0
0.0 0.0
0.0 0.0
0.0 0.0
0.0 0.0
0.7252792037865896 0.0
0.7251433555933706 0.0
0.7397792109364946 0.0
0.7278460196479387 0.0
0.753943172555805 0.0
0.7359111123822054 0.0
0.7541004704637428 0.0
0.7446768957972859 0.0
0.7511690094521744 0.0
0.7521771460439576 0.0
0.7583189143584391 0.0
0.0 0.0
0.0 0.0
0.7303055869356938 0.0
0.7266019361942486 0.0
0.7377343381333028 0.0
0.7244212151978379 0.0
0.7432969641503768 0.0
0.7240851696672435 0.0
0.747136463085041 0.0
0.7280104674607828 0.0
0.7490526375999199 0.0
0.7379702849952096 0.0
0.751376356694456 0.0
0.7486736926398879 0.0
0.7573679770059059 0.0
0.0 0.0
0.0 0.0
0.7323790593585106 0.0
0.7273884257339377 0.0
0.7385851768171483 0.0
0.7257510975104031 0.0
0.7419670818378116 0.0
0.7237991734709929 0.0
0.7445624973187857 0.0
0.7242210178604624 0.0
0.746893366318228 0.0
0.7277244712645322 0.0
0.7491813358882327 0.0
0.7374554918419585 0.0
0.7530279847278031 0.0
0.7457422316283194 0.0
0.7606426334529751 0.0
0.0 0.0
0.0 0.0
0.7330868999442308 0.0
0.7290758032918162 0.0
0.7374268922223335 0.0
0.7273812758290316 0.0
0.7419956814574367 0.0
0.7256867483662467 0.0
0.7436544593956901 0.0
0.7234345283207734 0.0
0.7454705352418813 0.0
0.7246500121548384 0.0
0.7469505655574781 0.0
0.729368949392973 0.0
0.7497604781856402 0.0
0.7420099812672492 0.0
0.7574466259598748 0.0
0.7463714232600707 0.0
0.7617294189987274 0.0
0.7333585963306688 0.0
0.7285252606140339 0.0
0.7381919320473038 0.0
0.7256867483662467 0.0
0.7389212223477427 0.0
0.7248287597774951 0.0
0.7402439547554017 0.0
0.7251648053080895 0.0
0.7439118559723156 0.0
0.7233844789864295 0.0
0.7452846377143184 0.0
0.7251433555933706 0.0
0.7472151120390099 0.0
0.7331655488981997 0.0
0.7536428765497419 0.0
0.7481517495817306 0.0
0.7638100413264504 0.0
0.0 0.0
0.0 0.0
0.7330511504196994 0.0
0.7284895110895026 0.0
0.7368406000200197 0.0
0.7258869457036222 0.0
0.7404727517124022 0.0
0.7246357123450259 0.0
0.7378987859461469 0.0
0.7219473481002703 0.0
0.7377700876578343 0.0
0.7242496174800875 0.0
0.7437903075889092 0.0
0.7236919248973989 0.0
0.7442765011225351 0.0
0.7261085927557164 0.0
0.7481660493915431 0.0
0.7450057914229741 0.0
0.7646036807710457 0.0
0.0 0.0
0.0 0.0
0.7318714161101658 0.0
0.7274098754486565 0.0
0.7370479472623014 0.0
0.7247429609186199 0.0
0.738277730906179 0.0
0.7245570633910569 0.0
0.7402296549455892 0.0
0.7236919248973989 0.0
0.7360541104803306 0.0
0.7242996668144315 0.0
0.7401867555161517 0.0
0.724235317670275 0.0
0.7414308389698416 0.0
0.7255509001730277 0.0
0.7434399622485021 0.0
0.7353534197995167 0.0
0.755616250303871 0.0
0.7530923338719595 0.0
0.7680785345554905 0.0
0.7325506570762609 0.0
0.7300767899786933 0.0
0.736225708198081 0.0
0.7231342323147102 0.0
0.7401295562769016 0.0
0.7239779210936496 0.0
0.7384493286239294 0.0
0.7236919248973989 0.0
0.7350817234130786 0.0
0.724449814817463 0.0
0.7357824140938926 0.0
0.7246714618695571 0.0
0.7377414880382092 0.0
0.7258940956085285 0.0
0.7378129870872717 0.0
0.7391714690194621 0.0
0.7446768957972859 0.0
0.7589338061803779 0.0
0.7750854413636299 0.0
0.7317641675365718 0.0
0.7274956743075317 0.0
0.7347885773119218 0.0
0.7245141639616193 0.0
0.7368691996396448 0.0
0.723963621283837 0.0
0.7359397120018305 0.0
0.7232986801275544 0.0
0.7328867026068554 0.0
0.7242138679555563 0.0
0.7340163875820452 0.0
0.723884972329868 0.0
0.7362042584833622 0.0
0.7287540575710343 0.0
0.7359969112410806 0.0
0.7493529336059831 0.0
0.7390570705409618 0.0
0.751161859547268 0.0
0.7771660636913529 0.0
0.0 0.0
0.0 0.0
0.729797943687349 0.0
0.7270166306788121 0.0
0.7325721067909797 0.0
0.7234273784158671 0.0
0.733766140910326 0.0
0.7233201298422731 0.0
0.7334300953797315 0.0
0.7241924182408375 0.0
0.7312994237176647 0.0
0.7237491241366489 0.0
0.733794740529951 0.0
0.7251076060688394 0.0
0.7347313780726716 0.0
0.7330726001344182 0.0
0.7351103230327036 0.0
0.7533282807338663 0.0
0.73879252405943 0.0
0.7482589981553246 0.0
0.7702235060273698 0.0
0.7266591354334988 0.0
0.7241209191917748 0.0
0.7280033175558764 0.0
0.7231842816490541 0.0
0.7292188013899416 0.0
0.7238420729004305 0.0
0.7290329038623786 0.0
0.723992220903462 0.0
0.7308990290429137 0.0
0.7253650026454648 0.0
0.7330726001344182 0.0
0.7281606154638144 0.0
0.7349744748394846 0.0
0.7413164404913415 0.0
0.7351532224621412 0.0
0.7567173356594358 0.0
0.7418240837396863 0.0
0.7553517038223392 0.0
0.7615506713760707 0.0
0.7231413822196165 0.0
0.722669488495803 0.0
0.7242925169095251 0.0
0.7239850709985557 0.0
0.7252363043571521 0.0
0.7240565700476184 0.0
0.728446611660065 0.0
0.724642862249932 0.0
0.731849966395447 0.0
0.7265304371451861 0.0
0.7330726001344182 0.0
0.7324076589781356 0.0
0.7344882813058586 0.0
0.7478443036707612 0.0
0.7358682129527677 0.0
0.7595272482875978 0.0
0.75089016316083 0.0
0.0 0.0
0.0 0.0
0.7245213138665256 0.0
0.7256795984613406 0.0
0.7250289571148704 0.0
0.724993207590339 0.0
0.7277673706939698 0.0
0.7254722512190588 0.0
0.7296406457794112 0.0
0.7261443422802477 0.0
0.7308561296134761 0.0
0.7302269379817249 0.0
0.7335659435729505 0.0
0.7375984899400839 0.0
0.734931575410047 0.0
0.7572178290028744 0.0
0.7398793096051822 0.0
0.7657405156511419 0.0
1.0 0.0
0.0 0.0
0.0 0.0
0.7286468089974404 0.0
0.7281892150834395 0.0
0.7290186040525661 0.0
0.7288613061446283 0.0
0.7300195907394432 0.0
0.7292116514850353 0.0
0.7308847292331012 0.0
0.731878566015072 0.0
0.7330154008951681 0.0
0.7357538144742675 0.0
0.7343881826371709 0.0
0.7441764024538473 0.0
0.7373196436487396 0.0
0.7753285381304429 0.0
0.7533640302583976 0.0
0.7706525003217457 0.0
0.7576039238678125 0.0
0.7333013970914187 0.0
0.7330726001344182 0.0
0.7341522357752642 0.0
0.7335301940484192 0.0
0.7350602736983598 0.0
0.7357895639987989 0.0
0.7355250175172671 0.0
0.7377200383234903 0.0
0.7358753628576741 0.0
0.7418598332642176 0.0
0.7379059358510532 0.0
0.7666557034791438 0.0
0.749674679326765 0.0
0.7804264203286096 0.0
0.9944373739829261 0.0
0.0 0.0
0.0 0.0
0.7364545051550815 0.0
0.7371623457408016 0.0
0.7363115070569561 0.0
0.7377986872774592 0.0
0.736604653158113 0.0
0.7398864595100886 0.0
0.7376842887989591 0.0
0.7459924783000387 0.0
0.7419456321230927 0.0
0.7651971228782658 0.0
0.7514621555533312 0.0
0.7755001358481932 0.0
0.9749038337790108 0.0
0.0 0.0
0.0 0.0
0.7421458294604683 0.0
0.7438189072085342 0.0
0.7439976548311907 0.0
0.7486021935908252 0.0
0.746893366318228 0.0
0.7567459352790609 0.0
0.7516337532710815 0.0
0.763180849694699 0.0
0.7149904906264747 0.0
0.75818306616522 0.0
0.7554732522057457 0.0
0.0 0.0
0.0 0.0
0.9601678797671991 0.0
0.7149904906264747 0.0
0.7436544593956901 0.0
0.7590267549441593 0.0
0.9854928429451889 0.0
0.0 0.0
0.0 0.0
0.0 0.0
0.0 0.0
0.0 0.0
