0.0 0.0
0.13875644857806382 0.0
0.4044322143555378 0.0
0.07195172254021709 0.0
0.03904846392469078 0.0
0.0756731100651497 0.0
0.0 0.0
0.0 0.0
0.0 0.0
0.0 0.0
0.6849703633805523 0.0
0.6252224865377987 0.0
0.7360560976850099 0.0
0.668199822575815 0.0
0.6771444877017918 0.0
0.628025110607593 0.0
0.3350661385377761 0.0
0.28282206162382684 0.0
0.016883945371432445 0.0
0.013808687004526013 0.0
0.02459856365516423 0.0
0.0 0.0
0.0 0.0
0.7651559242161411 0.0
0.7250264158619483 0.0
0.7580533063618436 0.0
0.6351955338829339 0.0
0.7300327161156535 0.0
0.6729857552111291 0.0
0.595422003989219 0.0
0.6412245659040441 0.0
0.24767286144527256 0.0
0.60226470106285 0.0
0.034618001209196676 0.0
0.014852325443419202 0.0
0.0276321781926465 0.0
0.0 0.0
0.0 0.0
0.7692581521892676 0.0
0.6805686614644841 0.0
0.7389152262723405 0.0
0.6849477615735378 0.0
0.7140927917186979 0.0
0.7128044887188731 0.0
0.6993507630935094 0.0
0.7442775049865237 0.0
0.5563270933511135 0.0
0.7145617792142481 0.0
0.2202698655757528 0.0
0.6366985540493962 0.0
0.10649462924560818 0.0
0.009483322691649197 0.0
0.014036400210196805 0.0
0.0 0.0
0.0 0.0
0.7775191126530566 0.0
0.7501483243585324 0.0
0.6655497607033682 0.0
0.6899088582132141 0.0
0.6520790837227437 0.0
0.7386553054916741 0.0
0.7256310141995853 0.0
0.7670431751018495 0.0
0.6989326296637416 0.0
0.7706820660311792 0.0
0.4895794368759782 0.0
0.7029501008605639 0.0
0.20024296942540556 0.0
0.6018635189883431 0.0
0.0185361939687078 0.0
0.012328551167665854 0.0
0.01106686179560056 0.0
0.7579685495855395 0.0
0.8037315583380892 0.0
0.69777428705425 0.0
0.7538550207089058 0.0
0.6736129553557807 0.0
0.758669205602988 0.0
0.6594811755199829 0.0
0.7791351418545913 0.0
0.7133921357012494 0.0
0.80951197048204 0.0
0.759364211168683 0.0
0.7602739339010154 0.0
0.5436084914988953 0.0
0.6775739220350667 0.0
0.09340931307458031 0.0
0.0185361939687078 0.0
0.0185361939687078 0.0
0.0 0.0
0.0 0.0
0.7543409595597169 0.0
0.8379563446097515 0.0
0.765246331444199 0.0
0.8518451550201439 0.0
0.783706357323268 0.0
0.812320245003588 0.0
0.7051820293032428 0.0
0.7958039745277635 0.0
0.7211615068624736 0.0
0.822118128344361 0.0
0.778236720025766 0.0
0.8083875305830701 0.0
0.7597088887256536 0.0
0.7097306429649051 0.0
0.44553077518547607 0.0
0.5646264768868271 0.0
0.0185361939687078 0.0
0.0 0.0
0.0 0.0
0.8379676455132588 0.0
0.9056713584251062 0.0
0.8011832045972076 0.0
0.8774473519157857 0.0
0.7284166869141188 0.0
0.8637789091237845 0.0
0.7368189086717483 0.0
0.8391598908332721 0.0
0.7578272882916989 0.0
0.8835046361956639 0.0
0.8067149968639994 0.0
0.8536589500330551 0.0
0.8360408414652752 0.0
0.7533860332133555 0.0
0.6965650903789758 0.0
0.6630240087695012 0.0
0.09533329189668714 0.0
0.014700723822869638 0.0
0.019001565175135755 0.0
0.9334094260836154 0.0
1.0 0.0
0.8838210614938664 0.0
0.9632155590839488 0.0
0.813207365928906 0.0
0.855834373958198 0.0
0.7562677636077004 0.0
0.8564163704888207 0.0
0.7615057323833041 0.0
0.8521163767043175 0.0
0.8148572978409624 0.0
0.8562129542256903 0.0
0.8694406617809094 0.0
0.7824463065822111 0.0
0.7793555094729824 0.0
0.6463777779033434 0.0
0.5405860648558852 0.0
0.0185361939687078 0.0
0.06603061414760111 0.0
0.9380993010391181 0.0
0.9286630466105765 0.0
0.8882114625064275 0.0
0.9579775903083452 0.0
0.8747972900433391 0.0
0.9243969555365952 0.0
0.8130322019245438 0.0
0.871339213570125 0.0
0.8098057939732282 0.0
0.8362725099871735 0.0
0.8296049769179047 0.0
0.8256044570763432 0.0
0.8870305180899214 0.0
0.7723376483949892 0.0
0.8202534792656673 0.0
0.6365177395932805 0.0
0.6958926866202954 0.0
0.0185361939687078 0.0
0.038753510343151935 0.0
0.0 0.0
0.0 0.0
0.9018234007808924 0.0
0.9398057374687107 0.0
0.9002243229346186 0.0
0.9087904077931032 0.0
0.8650050571543195 0.0
0.8534159806076497 0.0
0.7942783525542867 0.0
0.8145521734462671 0.0
0.7947077868875616 0.0
0.7670544760053567 0.0
0.7789769292054901 0.0
0.7488769727139686 0.0
0.7858535289896428 0.0
0.7081089633116169 0.0
0.795159823027851 0.0
0.5970662854495217 0.0
0.7020403781282314 0.0
0.0185361939687078 0.0
0.025368720229182327 0.0
0.826435073484125 0.0
0.8408606768111111 0.0
0.8362273063731447 0.0
0.8181797634720896 0.0
0.7911027986687535 0.0
0.779479819411562 0.0
0.7725975691756556 0.0
0.7061821592636331 0.0
0.766308616373879 0.0
0.7078659938862112 0.0
0.7674161049175882 0.0
0.7179068466523899 0.0
0.7696480333602672 0.0
0.6539776355119592 0.0
0.7125106652276849 0.0
0.5519621193714438 0.0
0.6330540126683128 0.0
0.0185361939687078 0.0
0.035294190770552104 0.0
0.829819694084542 0.0
0.7881080592393361 0.0
0.788938675647118 0.0
0.7778242370477519 0.0
0.7500748684857355 0.0
0.7553919435858897 0.0
0.7632291201681575 0.0
0.7214157771913865 0.0
0.7684444871367466 0.0
0.7016787492159998 0.0
0.7505382055295321 0.0
0.6878803460336654 0.0
0.733632053882708 0.0
0.5915514445379909 0.0
0.6256801731298417 0.0
0.05534193708787017 0.0
0.29488125575639773 0.0
0.0 0.0
0.0 0.0
0.7857687722133384 0.0
0.7599405572475519 0.0
0.7657944252643 0.0
0.7452832853986676 0.0
0.7341688467993016 0.0
0.713352582538974 0.0
0.7475830192623901 0.0
0.6950733711160207 0.0
0.735581459737706 0.0
0.6841001938104951 0.0
0.76605999649672 0.0
0.6459765958288365 0.0
0.7059674420969957 0.0
0.19319911626934574 0.0
0.6165829458065172 0.0
0.014378083027738067 0.0
0.05183577527023286 0.0
0.0 0.0
0.0 0.0
0.7491933980121712 0.0
0.7370788294524148 0.0
0.7539397774852099 0.0
0.756420325805048 0.0
0.7417291512456421 0.0
0.7625510659577233 0.0
0.7341575458957943 0.0
0.6666233465365556 0.0
0.7465659379467389 0.0
0.6340936957909785 0.0
0.741169756522034 0.0
0.600462206953446 0.0
0.6325680738175017 0.0
0.0185361939687078 0.0
0.07022550952948688 0.0
0.007549286065420931 0.0
0.0071133537126293256 0.0
0.6995259270978714 0.0
0.7328974951547376 0.0
0.7193533623013161 0.0
0.731648745317188 0.0
0.7561773563796426 0.0
0.6714262305271307 0.0
0.7215287862264589 0.0
0.6265220904411308 0.0
0.6964746831509179 0.0
0.5835786571136362 0.0
0.6258835893929721 0.0
0.17174887132226221 0.0
0.10456613006209846 0.0
0.0185361939687078 0.0
0.01942902185029693 0.0
0.0 0.0
0.0 0.0
0.6902083321561558 0.0
0.6796306864733835 0.0
0.7094763726359923 0.0
0.6422416472196952 0.0
0.6925645705374145 0.0
0.5972640512608983 0.0
0.6671036349356131 0.0
0.5635127728461891 0.0
0.6263469264367687 0.0
0.20699751945168018 0.0
0.15068229204924935 0.0
0.00794747340049837 0.0
0.011560146233691384 0.0
0.0 0.0
0.0 0.0
0.5859970504641846 0.0
0.5643173971759042 0.0
0.6061635127728462 0.0
0.5392214807573865 0.0
0.5886753645953994 0.0
0.45474553190527583 0.0
0.5127711510535268 0.0
0.0185361939687078 0.0
0.021956016883549843 0.0
0.006923837560812987 0.0
0.0037118721641795265 0.0
0.0 0.0
0.0 0.0
0.05542878453132328 0.0
0.027394463687371803 0.0
0.031219028461325484 0.0
0.0185361939687078 0.0
0.0185361939687078 0.0
0.0 0.0
0.0 0.0
0.0 0.0
0.0 0.0
0.0 0.0
