0.0 0.0
0.3188131791136702 0.0
0.05151093079891737 0.0
0.30801742599320814 0.0
0.06485249495697182 0.0
0.03942953039095476 0.0
0.0 0.0
0.0 0.0
0.0 0.0
0.0 0.0
0.7587370110240315 0.0
0.7735863982325387 0.0
0.7303773936726242 0.0
0.7367454527989513 0.0
0.6640241387298914 0.0
0.39682162088859 0.0
0.579030043451974 0.0
0.07946399814665184 0.0
0.05371794074936292 0.0
0.01187323776535934 0.0
0.01187323776535934 0.0
0.0 0.0
0.0 0.0
0.8125914666877617 0.0
0.816829305502975 0.0
0.7736316018465677 0.0
0.8258813292122704 0.0
0.7106121134384695 0.0
0.813060454183312 0.0
0.63750091819841 0.0
0.583330037236477 0.0
0.5502070890567701 0.0
0.05910090011696435 0.0
0.09170739700639066 0.0
0.02748012453595665 0.0
0.012631980426835126 0.0
0.0 0.0
0.0 0.0
0.8326618713166117 0.0
0.8477316261435102 0.0
0.7965554846109946 0.0
0.8479689451171621 0.0
0.7674556580798635 0.0
0.8715482802850087 0.0
0.6991982008961617 0.0
0.8587274052560503 0.0
0.6030557643083565 0.0
0.5597139741322319 0.0
0.49534233261949295 0.0
0.11682535018674743 0.0
0.13289975533543907 0.0
0.0201126135034496 0.0
0.01677008876859705 0.0
0.0 0.0
0.0 0.0
0.777157483740825 0.0
0.7536798567045435 0.0
0.759895353633523 0.0
0.7789769292054901 0.0
0.7513405696785459 0.0
0.8135407425823694 0.0
0.7349655604965617 0.0
0.9114969741830861 0.0
0.7020234267729706 0.0
0.8649089994745081 0.0
0.6310876554580539 0.0
0.5671188911553479 0.0
0.5383688275877656 0.0
0.05740802477158049 0.0
0.09629669392067897 0.0
0.008734185798154563 0.0
0.015422060493736475 0.0
0.773552495522017 0.0
0.7387287613644711 0.0
0.7690547359261374 0.0
0.7205964616871119 0.0
0.7585279443091475 0.0
0.6931013634540081 0.0
0.7306994694225802 0.0
0.7785361939687078 0.0
0.7262751656994978 0.0
0.8862507557479221 0.0
0.6892929589720699 0.0
0.8480254496346983 0.0
0.6510733033105996 0.0
0.564637212745159 0.0
0.5826180803155212 0.0
0.053115150556286975 0.0
0.053115150556286975 0.0
0.0 0.0
0.0 0.0
0.8282206162382684 0.0
0.7861360515773237 0.0
0.8325884154438148 0.0
0.7295806799753641 0.0
0.783130011244399 0.0
0.7030687603473897 0.0
0.7552393813885421 0.0
0.6894285698141567 0.0
0.733513394395882 0.0
0.8444487136746583 0.0
0.7116743983681496 0.0
0.8770179175825107 0.0
0.6778281923639795 0.0
0.7789825796572437 0.0
0.5960096509715952 0.0
0.5596179164524204 0.0
0.11922114173028134 0.0
0.0 0.0
0.0 0.0
0.898919068579533 0.0
0.8884487814800794 0.0
0.8609762850539902 0.0
0.7594489679449872 0.0
0.8233047232126209 0.0
0.781666544240212 0.0
0.7699644586584697 0.0
0.6312119653966335 0.0
0.7148782045124508 0.0
0.7027184323386655 0.0
0.6980342078349164 0.0
0.8295258705933539 0.0
0.6667081033128599 0.0
0.8170101199590908 0.0
0.5773066556671206 0.0
0.6786418574165005 0.0
0.49862976544974774 0.0
0.026747204438994896 0.0
0.009151471660159229 0.0
0.8840753318227792 0.0
0.8532125643445193 0.0
0.8864654729145596 0.0
0.825830475146488 0.0
0.8148912005514842 0.0
0.7986518022115868 0.0
0.7806890160868362 0.0
0.7282867265237856 0.0
0.7077247325923708 0.0
0.7197997479898518 0.0
0.6987744170146404 0.0
0.802906592382061 0.0
0.681574441876628 0.0
0.8436689513326591 0.0
0.6168372161354301 0.0
0.7390451866626737 0.0
0.5201037422941964 0.0
0.061549805906982266 0.0
0.03388519412127 0.0
0.909796188205247 0.0
0.9243234996637982 0.0
0.9319572599829357 0.0
0.8881267057301232 0.0
0.8544839159890834 0.0
0.8226436203574475 0.0
0.8198635980946677 0.0
0.8430078484774858 0.0
0.7634890409488239 0.0
0.7845030710205281 0.0
0.7257496736864112 0.0
0.7435372958067998 0.0
0.686659848454884 0.0
0.7981602129090221 0.0
0.6205213106787888 0.0
0.7161439057052611 0.0
0.5140035145809908 0.0
0.3962514903066501 0.0
0.01557394463687372 0.0
0.0 0.0
0.0 0.0
0.8921215751199308 0.0
0.8819168592528973 0.0
0.8869401108618634 0.0
0.8488899687530018 0.0
0.8500087582002182 0.0
0.7936907055719106 0.0
0.78281923639795 0.0
0.7781237109906938 0.0
0.7220994818535742 0.0
0.7183532323409256 0.0
0.6768111110483284 0.0
0.7030687603473897 0.0
0.7464303271046521 0.0
0.7540584369720359 0.0
0.6070901868604395 0.0
0.6704826050842765 0.0
0.46876882306740425 0.0
0.3584256711324071 0.0
0.01057363386202727 0.0
0.9188369110110354 0.0
0.9122089311040418 0.0
0.9181588568006013 0.0
0.8700848132808219 0.0
0.8349616051803342 0.0
0.8007876729744544 0.0
0.7969001621679653 0.0
0.7418365098289608 0.0
0.7232408731078049 0.0
0.698689660238336 0.0
0.7061143538425897 0.0
0.7557818247568894 0.0
0.6949829638879629 0.0
0.6976499771156703 0.0
0.552087559400374 0.0
0.6921803398181685 0.0
0.09902247184662415 0.0
0.02246941692988354 0.0
0.004611785712267696 0.0
0.8488447651389729 0.0
0.818795662713234 0.0
0.8496132265774649 0.0
0.8206716126954351 0.0
0.7704616984127881 0.0
0.7991207897071371 0.0
0.7569910214321636 0.0
0.7264277278968454 0.0
0.6895698311079971 0.0
0.692496765116371 0.0
0.6742966600179684 0.0
0.7571209818224968 0.0
0.6167920125214011 0.0
0.6977686366024964 0.0
0.5031077484644898 0.0
0.6205100097752815 0.0
0.011300903507235404 0.0
0.0 0.0
0.0 0.0
0.7880572051735537 0.0
0.8264689761946469 0.0
0.8341027365137843 0.0
0.7994598168123541 0.0
0.7554427976516723 0.0
0.7751515733682908 0.0
0.7223876548930086 0.0
0.7513349192267922 0.0
0.7044983246410551 0.0
0.7751402724647836 0.0
0.6871288359504343 0.0
0.7825480147137764 0.0
0.6199393141481662 0.0
0.672590223588376 0.0
0.2821400520971652 0.0
0.1507111093531928 0.0
0.02012210626239568 0.0
0.0 0.0
0.0 0.0
0.7603078366115371 0.0
0.8201404702305949 0.0
0.7673482994965448 0.0
0.7605564564886963 0.0
0.7297275917209581 0.0
0.7563412194804975 0.0
0.707928148855501 0.0
0.7857857235685993 0.0
0.7206699175599088 0.0
0.7909615373749131 0.0
0.6620747328748934 0.0
0.7469558191177386 0.0
0.5513044067873226 0.0
0.6290873955372732 0.0
0.015526198319555649 0.0
0.015526198319555649 0.0
0.015526198319555649 0.0
0.7698231973646293 0.0
0.8021098786848009 0.0
0.726964520813439 0.0
0.750289585652373 0.0
0.720534306717822 0.0
0.7704956011233098 0.0
0.7051481265927211 0.0
0.7419777711228014 0.0
0.6345570328347752 0.0
0.7192968577837798 0.0
0.5293286698271527 0.0
0.6344496742514564 0.0
0.02031246998197506 0.0
0.014235465625476758 0.0
0.009445408160382423 0.0
0.0 0.0
0.0 0.0
0.7149177576747261 0.0
0.7212067104765026 0.0
0.6767150533685168 0.0
0.7309367883962323 0.0
0.17924815088966364 0.0
0.7158218299553049 0.0
0.07683427790051815 0.0
0.7068150098600383 0.0
0.03073399368279494 0.0
0.3642083434570594 0.0
0.008601569695497155 0.0
0.009843538990942325 0.0
0.007833729806698045 0.0
0.0 0.0
0.0 0.0
0.4664956463269238 0.0
0.58709888855614 0.0
0.450244382038344 0.0
0.1799420263650079 0.0
0.03160975720008814 0.0
0.10492097843222567 0.0
0.10492097843222567 0.0
0.012262158359560849 0.0
0.013505031727286598 0.0
0.006914344801866909 0.0
0.003408759330308458 0.0
0.0 0.0
0.0 0.0
0.01733027455545071 0.0
0.011380009831786053 0.0
0.008819620628669263 0.0
0.005511840521649706 0.0
0.005511840521649706 0.0
0.0 0.0
0.0 0.0
0.0 0.0
0.0 0.0
0.0 0.0
