126.506 0
115.512 0
104.518 0
93.5232 0
82.5287 0
71.5343 0
60.5399 0
49.5454 0
38.5510 0
27.5566 0
16.5621 0
5.56769 0
-5.42674 0
-16.4212 0
-27.4156 0
-38.4100 0
-49.4045 0
-60.3938 0
-71.3933 0
-82.3878 0
-93.3822 0
-104.377 0
-115.371 0
-126.365 0
0 126.365
0 115.512
0 104.518
0 93.5232
0 82.5287
0 71.5343
0 60.5399
0 49.5454
0 38.5510
0 27.5566
0 16.5621
0 5.56769
0 -5.42674
0 -16.4212
0 -27.4156
0 -38.4100
0 -49.4045
0 -60.3938
0 -71.3933
0 -82.3878
0 -93.3822
0 -104.377
0 -115.371
0 -126.365