0.0018144 5.50822e-05
0.0804834 0.000352105
0.0731919 0.000337105
0.0513627 0.000285701
0.0271088 0.000210196
0.027844 0.000212948
0.00761797 0.000112538
0.00761797 0.000112538
0.00151118 5.0277e-05
0.00226668 6.15514e-05
0.114474 0.000412092
0.107064 0.000400195
0.12196 0.000423548
0.112045 0.000408255
0.113451 0.000410484
0.105487 0.000397587
0.0641785 0.000317199
0.0687129 0.000327414
0.0315301 0.000226175
0.00932669 0.000124414
0.0076815 0.000113003
0.000946576 3.98026e-05
0.0012515 4.57597e-05
0.125866 0.000429318
0.120485 0.000421336
0.124687 0.000427595
0.107132 0.000400304
0.120009 0.000420615
0.112215 0.000408525
0.100001 0.000388295
0.107706 0.000401249
0.0528878 0.000289677
0.103038 0.000393483
0.0319421 0.000227598
0.0219835 0.000189783
0.0108278 0.000133951
0.0010069 4.10501e-05
0.00123138 4.53909e-05
0.126174 0.00042977
0.112955 0.000409696
0.121699 0.00042316
0.113735 0.00041093
0.118794 0.000418767
0.11797 0.000417511
0.117046 0.00041609
0.123068 0.0004252
0.0978026 0.000384473
0.118606 0.000418479
0.0519517 0.000287247
0.107602 0.000401075
0.0303358 0.000221987
0.0151351 0.000158023
0.0096935 0.000126813
0.000800819 3.66127e-05
0.00106385 4.21938e-05
0.127956 0.000432355
0.123342 0.000425609
0.111107 0.000406757
0.114875 0.000412718
0.10916 0.000403615
0.12206 0.0004237
0.120482 0.00042133
0.126452 0.000430176
0.119168 0.000419339
0.12706 0.000431058
0.0987915 0.0003862
0.117316 0.000416504
0.0517703 0.00028677
0.103182 0.000393725
0.00761797 0.000112538
0.00399591 8.16541e-05
0.00435949 8.52719e-05
0.125072 0.00042816
0.131894 0.00043796
0.115628 0.00041389
0.124425 0.000427208
0.112424 0.000408858
0.124415 0.000427192
0.110458 0.000405712
0.128073 0.000432522
0.119157 0.000419323
0.132769 0.000439192
0.127169 0.000431218
0.125698 0.000429077
0.0982394 0.000385237
0.113899 0.000411189
0.0492616 0.000280105
0.00761797 0.000112538
0.00761797 0.000112538
0.000897977 3.87683e-05
0.00128332 4.63371e-05
0.124293 0.000427012
0.136394 0.000444217
0.126406 0.000430109
0.139088 0.000447883
0.128729 0.000433465
0.132863 0.000439319
0.116887 0.000415845
0.130907 0.000436567
0.11936 0.000419628
0.134301 0.000441325
0.128993 0.000433844
0.132482 0.000438789
0.127524 0.000431729
0.11794 0.000417465
0.0875755 0.000365873
0.0999836 0.000388266
0.00761797 0.000112538
0.00104764 4.18715e-05
0.00348469 7.62717e-05
0.137164 0.000445269
0.147096 0.000458446
0.131364 0.000437217
0.142849 0.000452904
0.121357 0.000422644
0.140379 0.000449619
0.12172 0.000423192
0.136602 0.000444502
0.124664 0.000427561
0.142757 0.000452779
0.132225 0.000438429
0.138784 0.00044747
0.137031 0.000445088
0.12404 0.000426638
0.119066 0.000419184
0.11158 0.000407511
0.0650591 0.000319213
0.00290967 6.97154e-05
0.0101326 0.000129625
0.151484 0.000464034
0.160121 0.000474649
0.143536 0.000453811
0.155326 0.00046882
0.133445 0.000440139
0.139502 0.000448441
0.124374 0.000427133
0.139075 0.000447863
0.125606 0.000428938
0.139128 0.000447932
0.133174 0.00043976
0.138746 0.00044742
0.141509 0.000451128
0.128297 0.000432842
0.129464 0.000434517
0.110338 0.00040552
0.102306 0.000392243
0.00761797 0.000112538
0.0245973 0.000200482
0.151363 0.000463885
0.149638 0.000461703
0.143834 0.000454199
0.153226 0.000466218
0.141486 0.000451097
0.149151 0.000461083
0.132692 0.000439085
0.141059 0.000450526
0.132371 0.000438635
0.135442 0.000442907
0.135267 0.000442667
0.133864 0.000440721
0.141346 0.000450904
0.127199 0.000431256
0.134132 0.000441094
0.108796 0.000403028
0.117114 0.000416195
0.00761797 0.000112538
0.0281842 0.000214207
0.00761797 0.000112538
0.00122637 4.52985e-05
0.145555 0.000456452
0.151072 0.000463519
0.145413 0.000456267
0.146207 0.000457298
0.14028 0.000449486
0.138544 0.000447142
0.12983 0.000435039
0.132428 0.000438715
0.129072 0.000433956
0.124848 0.000427828
0.127466 0.000431646
0.122783 0.000424775
0.129031 0.000433898
0.117204 0.000416333
0.130229 0.000435605
0.102922 0.000393282
0.1167 0.000415556
0.00761797 0.000112538
0.0229439 0.000193791
0.134296 0.000441323
0.136061 0.000443759
0.135882 0.000443514
0.132656 0.000439035
0.129224 0.000434175
0.127539 0.000431748
0.126564 0.000430335
0.116071 0.000414581
0.125742 0.000429141
0.116186 0.000414757
0.126371 0.000430058
0.118639 0.000418531
0.126572 0.000430349
0.109297 0.00040384
0.11841 0.00041818
0.095683 0.00038073
0.106816 0.000399783
0.00761797 0.000112538
0.0123655 0.000143034
0.134557 0.000441681
0.128456 0.000433071
0.128602 0.000433281
0.126575 0.000430354
0.125404 0.000428644
0.123318 0.000425573
0.124906 0.000427917
0.118058 0.00041764
0.126138 0.000429718
0.11494 0.000412821
0.123453 0.00042577
0.113662 0.000410815
0.121989 0.000423594
0.10025 0.000388721
0.105991 0.000398425
0.0690653 0.00032819
0.0816719 0.000354466
0.00103923 4.17031e-05
0.00302571 7.10875e-05
0.12719 0.000431247
0.124261 0.000426966
0.125564 0.00042888
0.121967 0.000423561
0.120865 0.000421907
0.117462 0.000416731
0.122726 0.00042469
0.114492 0.00041212
0.121448 0.000422781
0.112464 0.000408919
0.12682 0.000430708
0.107786 0.00040138
0.118305 0.000418023
0.0978378 0.000384535
0.105608 0.000397785
0.00642306 0.000103398
0.0250028 0.000202086
0.000973369 4.03611e-05
0.00761797 0.000112538
0.122169 0.000423864
0.121024 0.000422146
0.123142 0.000425312
0.123266 0.000425496
0.121646 0.000423081
0.124189 0.000426858
0.120985 0.000422088
0.110054 0.000405065
0.122861 0.000424894
0.104808 0.000396453
0.118709 0.000418641
0.101124 0.000390226
0.106175 0.000398725
0.00761797 0.000112538
0.0639994 0.000316783
0.00126892 4.60765e-05
0.00299888 7.07728e-05
0.115117 0.000413097
0.119402 0.000419696
0.118864 0.000418873
0.119465 0.000419792
0.124377 0.000427135
0.109945 0.000404889
0.119291 0.000419527
0.103965 0.000395045
0.115937 0.000414373
0.0979339 0.000384702
0.104979 0.000396742
0.0838329 0.000358702
0.0810471 0.000353228
0.00761797 0.000112538
0.00734981 0.000110554
0.000916426 3.91642e-05
0.000871176 3.81859e-05
0.113635 0.000410772
0.112275 0.00040862
0.117384 0.000416609
0.107119 0.000400285
0.115174 0.000413186
0.100015 0.00038832
0.111498 0.000407383
0.0963013 0.000381826
0.105362 0.000397377
0.0791805 0.000349491
0.0751995 0.000341328
0.00994832 0.000128453
0.00702483 0.0001081
0.00761797 0.000112538
0.000991821 4.07419e-05
0.0985575 0.000385792
0.0950534 0.000379606
0.0998417 0.000388021
0.0913799 0.000372954
0.0996165 0.000387632
0.082481 0.000356061
0.0904435 0.00037123
0.00761797 0.000112538
0.0271488 0.000210347
0.000891984 3.86389e-05
0.00255493 6.53393e-05
0.00097001 4.02915e-05
0.000820934 3.70694e-05
0.0488469 0.000278987
0.0347992 0.00023721
0.0348451 0.000237359
0.00761797 0.000112538
0.00761797 0.000112538
0.00761797 0.000112538
0.00216292 6.01297e-05
0.00111077 4.31132e-05
0.00107056 4.23265e-05
0.00102195 4.13549e-05
