4946 5555
5301 5555
5197 5806
4946 5910
4695 5806
4591 5555
4695 5304
4946 5200
5197 5304
5656 5555
5602 5827
5448 6057
5218 6211
4946 6265
4674 6211
4444 6057
4290 5827
4236 5555
4290 5283
4444 5053
4674 4899
4946 4845
5218 4899
5448 5053
5602 5283
6011 5555
5959 5884
5808 6181
5572 6417
5275 6568
4946 6620
4617 6568
4320 6417
4084 6181
3933 5884
3881 5555
3933 5226
4084 4929
4320 4693
4617 4542
4946 4490
5275 4542
5572 4693
5808 4929
5959 5226
6366 5555
6335 5850
6243 6133
6095 6390
5896 6610
5656 6785
5385 6906
5094 6967
4798 6967
4507 6906
4236 6785
3996 6610
3797 6390
3649 6133
3557 5850
3526 5555
3557 5260
3649 4977
3797 4720
3996 4500
4236 4325
4507 4204
4798 4143
5094 4143
5385 4204
5656 4325
5896 4500
6095 4720
6243 4977
6335 5260
6721 5555
6699 5833
6634 6104
6528 6361
6382 6598
6201 6810
5989 6991
5752 7137
5495 7243
5224 7308
4946 7330
4668 7308
4397 7243
4140 7137
3903 6991
3691 6810
3510 6598
3364 6361
3258 6104
3193 5833
3171 5555
3193 5277
3258 5006
3364 4749
3510 4512
3691 4300
3903 4119
4140 3973
4397 3867
4668 3802
4946 3780
5224 3802
5495 3867
5752 3973
5989 4119
6201 4300
6382 4512
6528 4749
6634 5006
6699 5277
