4946 5595
5301 5595
5197 5846
4946 5950
4695 5846
4591 5595
4695 5344
4946 5240
5197 5344
5656 5595
5602 5867
5448 6097
5218 6251
4946 6305
4674 6251
4444 6097
4290 5867
4236 5595
4290 5323
4444 5093
4674 4939
4946 4885
5218 4939
5448 5093
5602 5323
6011 5595
5959 5924
5808 6221
5572 6457
5275 6608
4946 6660
4617 6608
4320 6457
4084 6221
3933 5924
3881 5595
3933 5266
4084 4969
4320 4733
4617 4582
4946 4530
5275 4582
5572 4733
5808 4969
5959 5266
6366 5595
6335 5890
6243 6173
6095 6430
5896 6650
5656 6825
5385 6946
5094 7007
4798 7007
4507 6946
4236 6825
3996 6650
3797 6430
3649 6173
3557 5890
3526 5595
3557 5300
3649 5017
3797 4760
3996 4540
4236 4365
4507 4244
4798 4183
5094 4183
5385 4244
5656 4365
5896 4540
6095 4760
6243 5017
6335 5300
6721 5595
6699 5873
6634 6144
6528 6401
6382 6638
6201 6850
5989 7031
5752 7177
5495 7283
5224 7348
4946 7370
4668 7348
4397 7283
4140 7177
3903 7031
3691 6850
3510 6638
3364 6401
3258 6144
3193 5873
3171 5595
3193 5317
3258 5046
3364 4789
3510 4552
3691 4340
3903 4159
4140 4013
4397 3907
4668 3842
4946 3820
5224 3842
5495 3907
5752 4013
5989 4159
6201 4340
6382 4552
6528 4789
6634 5046
6699 5317
