4946 5555
5301 5555
5270 5699
5184 5819
5056 5893
4909 5908
4769 5862
4659 5764
4599 5629
4599 5481
4659 5346
4768 5248
4909 5202
5056 5217
5184 5291
5270 5411
5656 5555
5621 5774
5520 5972
5363 6129
5165 6230
4946 6265
4727 6230
4529 6129
4372 5972
4271 5774
4236 5555
4271 5336
4372 5138
4529 4981
4727 4880
4946 4845
5165 4880
5363 4981
5520 5138
5621 5336
6011 5555
5988 5776
5919 5988
5808 6181
5659 6346
5479 6477
5275 6568
5057 6614
4835 6614
4617 6568
4414 6477
4233 6346
4084 6181
3973 5988
3904 5776
3881 5555
3904 5334
3973 5122
4084 4929
4233 4764
4413 4633
4617 4542
4835 4496
5057 4496
5275 4542
5478 4633
5659 4764
5808 4929
5919 5122
5988 5334
6366 5555
6344 5802
6280 6041
6176 6265
6034 6468
5859 6643
5656 6785
5432 6889
5193 6953
4946 6975
4699 6953
4460 6889
4236 6785
4033 6643
3858 6468
3716 6265
3612 6041
3548 5802
3526 5555
3548 5308
3612 5069
3716 4845
3858 4642
4033 4467
4236 4325
4460 4221
4699 4157
4946 4135
5193 4157
5432 4221
5656 4325
5859 4467
6034 4642
6176 4845
6280 5069
6344 5308
6721 5555
6701 5820
6642 6078
6545 6325
6413 6555
6247 6762
6053 6943
5833 7092
5594 7207
5341 7285
5079 7325
4813 7325
4551 7285
4298 7207
4058 7092
3839 6943
3645 6762
3479 6555
3347 6325
3250 6078
3191 5820
3171 5555
3191 5290
3250 5032
3347 4785
3479 4555
3645 4348
3839 4167
4059 4018
4298 3903
4551 3825
4813 3785
5079 3785
5341 3825
5594 3903
5834 4018
6053 4167
6247 4348
6413 4555
6545 4785
6642 5032
6701 5290
