4462 5535
4862 5535
4745 5818
4462 5935
4179 5818
4062 5535
4179 5252
4462 5135
4745 5252
5262 5535
5201 5841
5028 6101
4768 6274
4462 6335
4156 6274
3896 6101
3723 5841
3662 5535
3723 5229
3896 4969
4156 4796
4462 4735
4768 4796
5028 4969
5201 5229
5662 5535
5603 5906
5433 6240
5167 6506
4833 6676
4462 6735
4091 6676
3757 6506
3491 6240
3321 5906
3262 5535
3321 5164
3491 4830
3757 4564
4091 4394
4462 4335
4833 4394
5167 4564
5433 4830
5603 5164
6062 5535
5984 6029
5756 6475
5402 6829
4956 7057
4462 7135
3968 7057
3522 6829
3168 6475
2940 6029
2862 5535
2940 5041
3168 4595
3522 4241
3968 4013
4462 3935
4956 4013
5402 4241
5756 4595
5984 5041
