4946 3795
4946 3995
5146 3995
4746 3995
5346 3995
4546 3995
5546 3995
4346 3995
5746 3995
4146 3995
4946 4195
5146 4195
4746 4195
5346 4195
4546 4195
5546 4195
4346 4195
5746 4195
4146 4195
5946 4195
3946 4195
4946 4395
5146 4395
4746 4395
5346 4395
4546 4395
5546 4395
4346 4395
5746 4395
4146 4395
5946 4395
3946 4395
6146 4395
3746 4395
4946 4595
5146 4595
4746 4595
5346 4595
4546 4595
5546 4595
4346 4595
5746 4595
4146 4595
5946 4595
3946 4595
6146 4595
3746 4595
6346 4595
3546 4595
4946 4795
5146 4795
4746 4795
5346 4795
4546 4795
5546 4795
4346 4795
5746 4795
4146 4795
5946 4795
3946 4795
6146 4795
3746 4795
6346 4795
3546 4795
6546 4795
3346 4795
4946 4995
5146 4995
4746 4995
5346 4995
4546 4995
5546 4995
4346 4995
5746 4995
4146 4995
5946 4995
3946 4995
6146 4995
3746 4995
6346 4995
3546 4995
6546 4995
3346 4995
4946 5195
5146 5195
4746 5195
5346 5195
4546 5195
5546 5195
4346 5195
5746 5195
4146 5195
5946 5195
3946 5195
6146 5195
3746 5195
6346 5195
3546 5195
6546 5195
3346 5195
4946 5395
5146 5395
4746 5395
5346 5395
4546 5395
5546 5395
4346 5395
5746 5395
4146 5395
5946 5395
3946 5395
6146 5395
3746 5395
6346 5395
3546 5395
6546 5395
3346 5395
4946 5595
5146 5595
4746 5595
5346 5595
4546 5595
5546 5595
4346 5595
5746 5595
4146 5595
5946 5595
3946 5595
6146 5595
3746 5595
6346 5595
3546 5595
6546 5595
3346 5595
6746 5595
3146 5595
4946 5795
5146 5795
4746 5795
5346 5795
4546 5795
5546 5795
4346 5795
5746 5795
4146 5795
5946 5795
3946 5795
6146 5795
3746 5795
6346 5795
3546 5795
6546 5795
3346 5795
4946 5995
5146 5995
4746 5995
5346 5995
4546 5995
5546 5995
4346 5995
5746 5995
4146 5995
5946 5995
3946 5995
6146 5995
3746 5995
6346 5995
3546 5995
6546 5995
3346 5995
4946 6195
5146 6195
4746 6195
5346 6195
4546 6195
5546 6195
4346 6195
5746 6195
4146 6195
5946 6195
3946 6195
6146 6195
3746 6195
6346 6195
3546 6195
6546 6195
3346 6195
4946 6395
5146 6395
4746 6395
5346 6395
4546 6395
5546 6395
4346 6395
5746 6395
4146 6395
5946 6395
3946 6395
6146 6395
3746 6395
6346 6395
3546 6395
6546 6395
3346 6395
4946 6595
5146 6595
4746 6595
5346 6595
4546 6595
5546 6595
4346 6595
5746 6595
4146 6595
5946 6595
3946 6595
6146 6595
3746 6595
6346 6595
3546 6595
4946 6795
5146 6795
4746 6795
5346 6795
4546 6795
5546 6795
4346 6795
5746 6795
4146 6795
5946 6795
3946 6795
6146 6795
3746 6795
4946 6995
5146 6995
4746 6995
5346 6995
4546 6995
5546 6995
4346 6995
5746 6995
4146 6995
5946 6995
3946 6995
4946 7195
5146 7195
4746 7195
5346 7195
4546 7195
5546 7195
4346 7195
5746 7195
4146 7195
4946 7395
