4946 3795
4946 4095
5246 4095
4646 4095
5546 4095
4346 4095
5846 4095
4046 4095
4946 4395
5246 4395
4646 4395
5546 4395
4346 4395
5846 4395
4046 4395
6146 4395
3746 4395
4946 4695
5246 4695
4646 4695
5546 4695
4346 4695
5846 4695
4046 4695
6146 4695
3746 4695
6446 4695
3446 4695
4946 4995
5246 4995
4646 4995
5546 4995
4346 4995
5846 4995
4046 4995
6146 4995
3746 4995
6446 4995
3446 4995
4946 5295
5246 5295
4646 5295
5546 5295
4346 5295
5846 5295
4046 5295
6146 5295
3746 5295
6446 5295
3446 5295
4946 5595
5246 5595
4646 5595
5546 5595
4346 5595
5846 5595
4046 5595
6146 5595
3746 5595
6446 5595
3446 5595
6746 5595
3146 5595
4946 5895
5246 5895
4646 5895
5546 5895
4346 5895
5846 5895
4046 5895
6146 5895
3746 5895
6446 5895
3446 5895
4946 6195
5246 6195
4646 6195
5546 6195
4346 6195
5846 6195
4046 6195
6146 6195
3746 6195
6446 6195
3446 6195
4946 6495
5246 6495
4646 6495
5546 6495
4346 6495
5846 6495
4046 6495
6146 6495
3746 6495
6446 6495
3446 6495
4946 6795
5246 6795
4646 6795
5546 6795
4346 6795
5846 6795
4046 6795
6146 6795
3746 6795
4946 7095
5246 7095
4646 7095
5546 7095
4346 7095
5846 7095
4046 7095
4946 7395
