4946 3795
4946 4045
5196 4045
4696 4045
5446 4045
4446 4045
5696 4045
4196 4045
4946 4295
5196 4295
4696 4295
5446 4295
4446 4295
5696 4295
4196 4295
5946 4295
3946 4295
4946 4545
5196 4545
4696 4545
5446 4545
4446 4545
5696 4545
4196 4545
5946 4545
3946 4545
6196 4545
3696 4545
4946 4795
5196 4795
4696 4795
5446 4795
4446 4795
5696 4795
4196 4795
5946 4795
3946 4795
6196 4795
3696 4795
6446 4795
3446 4795
4946 5045
5196 5045
4696 5045
5446 5045
4446 5045
5696 5045
4196 5045
5946 5045
3946 5045
6196 5045
3696 5045
6446 5045
3446 5045
4946 5295
5196 5295
4696 5295
5446 5295
4446 5295
5696 5295
4196 5295
5946 5295
3946 5295
6196 5295
3696 5295
6446 5295
3446 5295
6696 5295
3196 5295
4946 5545
5196 5545
4696 5545
5446 5545
4446 5545
5696 5545
4196 5545
5946 5545
3946 5545
6196 5545
3696 5545
6446 5545
3446 5545
6696 5545
3196 5545
4946 5795
5196 5795
4696 5795
5446 5795
4446 5795
5696 5795
4196 5795
5946 5795
3946 5795
6196 5795
3696 5795
6446 5795
3446 5795
6696 5795
3196 5795
4946 6045
5196 6045
4696 6045
5446 6045
4446 6045
5696 6045
4196 6045
5946 6045
3946 6045
6196 6045
3696 6045
6446 6045
3446 6045
4946 6295
5196 6295
4696 6295
5446 6295
4446 6295
5696 6295
4196 6295
5946 6295
3946 6295
6196 6295
3696 6295
6446 6295
3446 6295
4946 6545
5196 6545
4696 6545
5446 6545
4446 6545
5696 6545
4196 6545
5946 6545
3946 6545
6196 6545
3696 6545
6446 6545
3446 6545
4946 6795
5196 6795
4696 6795
5446 6795
4446 6795
5696 6795
4196 6795
5946 6795
3946 6795
6196 6795
3696 6795
4946 7045
5196 7045
4696 7045
5446 7045
4446 7045
5696 7045
4196 7045
5946 7045
3946 7045
4946 7295
5196 7295
4696 7295
5446 7295
4446 7295
