4946 3695
4946 3875
5126 3875
4766 3875
5306 3875
4586 3875
5486 3875
4406 3875
5666 3875
4226 3875
4946 4055
5126 4055
4766 4055
5306 4055
4586 4055
5486 4055
4406 4055
5666 4055
4226 4055
5846 4055
4046 4055
6026 4055
3866 4055
4946 4235
5126 4235
4766 4235
5306 4235
4586 4235
5486 4235
4406 4235
5666 4235
4226 4235
5846 4235
4046 4235
6026 4235
3866 4235
6206 4235
3686 4235
4946 4415
5126 4415
4766 4415
5306 4415
4586 4415
5486 4415
4406 4415
5666 4415
4226 4415
5846 4415
4046 4415
6026 4415
3866 4415
6206 4415
3686 4415
6386 4415
3506 4415
4946 4595
5126 4595
4766 4595
5306 4595
4586 4595
5486 4595
4406 4595
5666 4595
4226 4595
5846 4595
4046 4595
6026 4595
3866 4595
6206 4595
3686 4595
6386 4595
3506 4595
4946 4775
5126 4775
4766 4775
5306 4775
4586 4775
5486 4775
4406 4775
5666 4775
4226 4775
5846 4775
4046 4775
6026 4775
3866 4775
6206 4775
3686 4775
6386 4775
3506 4775
6566 4775
3326 4775
4946 4955
5126 4955
4766 4955
5306 4955
4586 4955
5486 4955
4406 4955
5666 4955
4226 4955
5846 4955
4046 4955
6026 4955
3866 4955
6206 4955
3686 4955
6386 4955
3506 4955
6566 4955
3326 4955
4946 5135
5126 5135
4766 5135
5306 5135
4586 5135
5486 5135
4406 5135
5666 5135
4226 5135
5846 5135
4046 5135
6026 5135
3866 5135
6206 5135
3686 5135
6386 5135
3506 5135
6566 5135
3326 5135
6746 5135
3146 5135
4946 5315
5126 5315
4766 5315
5306 5315
4586 5315
5486 5315
4406 5315
5666 5315
4226 5315
5846 5315
4046 5315
6026 5315
3866 5315
6206 5315
3686 5315
6386 5315
3506 5315
6566 5315
3326 5315
6746 5315
3146 5315
4946 5495
5126 5495
4766 5495
5306 5495
4586 5495
5486 5495
4406 5495
5666 5495
4226 5495
5846 5495
4046 5495
6026 5495
3866 5495
6206 5495
3686 5495
6386 5495
3506 5495
6566 5495
3326 5495
6746 5495
3146 5495
4946 5675
5126 5675
4766 5675
5306 5675
4586 5675
5486 5675
4406 5675
5666 5675
4226 5675
5846 5675
4046 5675
6026 5675
3866 5675
6206 5675
3686 5675
6386 5675
3506 5675
6566 5675
3326 5675
6746 5675
3146 5675
4946 5855
5126 5855
4766 5855
5306 5855
4586 5855
5486 5855
4406 5855
5666 5855
4226 5855
5846 5855
4046 5855
6026 5855
3866 5855
6206 5855
3686 5855
6386 5855
3506 5855
6566 5855
3326 5855
6746 5855
3146 5855
4946 6035
5126 6035
4766 6035
5306 6035
4586 6035
5486 6035
4406 6035
5666 6035
4226 6035
5846 6035
4046 6035
6026 6035
3866 6035
6206 6035
3686 6035
6386 6035
3506 6035
6566 6035
3326 6035
6746 6035
3146 6035
4946 6215
5126 6215
4766 6215
5306 6215
4586 6215
5486 6215
4406 6215
5666 6215
4226 6215
5846 6215
4046 6215
6026 6215
3866 6215
6206 6215
3686 6215
6386 6215
3506 6215
6566 6215
3326 6215
4946 6395
5126 6395
4766 6395
5306 6395
4586 6395
5486 6395
4406 6395
5666 6395
4226 6395
5846 6395
4046 6395
6026 6395
3866 6395
6206 6395
3686 6395
6386 6395
3506 6395
6566 6395
3326 6395
4946 6575
5126 6575
4766 6575
5306 6575
4586 6575
5486 6575
4406 6575
5666 6575
4226 6575
5846 6575
4046 6575
6026 6575
3866 6575
6206 6575
3686 6575
6386 6575
3506 6575
6566 6575
3326 6575
4946 6755
5126 6755
4766 6755
5306 6755
4586 6755
5486 6755
4406 6755
5666 6755
4226 6755
5846 6755
4046 6755
6026 6755
3866 6755
6206 6755
3686 6755
6386 6755
3506 6755
4946 6935
5126 6935
4766 6935
5306 6935
4586 6935
5486 6935
4406 6935
5666 6935
4226 6935
5846 6935
4046 6935
6026 6935
3866 6935
6206 6935
3686 6935
4946 7115
5126 7115
4766 7115
5306 7115
4586 7115
5486 7115
4406 7115
5666 7115
4226 7115
5846 7115
4046 7115
6026 7115
3866 7115
4946 7295
5126 7295
4766 7295
5306 7295
4586 7295
5486 7295
4406 7295
5666 7295
4226 7295
4946 7475
5126 7475
4766 7475
