4946 3595
4946 3775
5126 3775
4766 3775
5306 3775
4586 3775
5486 3775
4406 3775
5666 3775
4226 3775
4946 3955
5126 3955
4766 3955
5306 3955
4586 3955
5486 3955
4406 3955
5666 3955
4226 3955
5846 3955
4046 3955
6026 3955
3866 3955
4946 4135
5126 4135
4766 4135
5306 4135
4586 4135
5486 4135
4406 4135
5666 4135
4226 4135
5846 4135
4046 4135
6026 4135
3866 4135
6206 4135
3686 4135
4946 4315
5126 4315
4766 4315
5306 4315
4586 4315
5486 4315
4406 4315
5666 4315
4226 4315
5846 4315
4046 4315
6026 4315
3866 4315
6206 4315
3686 4315
6386 4315
3506 4315
4946 4495
5126 4495
4766 4495
5306 4495
4586 4495
5486 4495
4406 4495
5666 4495
4226 4495
5846 4495
4046 4495
6026 4495
3866 4495
6206 4495
3686 4495
6386 4495
3506 4495
6566 4495
3326 4495
4946 4675
5126 4675
4766 4675
5306 4675
4586 4675
5486 4675
4406 4675
5666 4675
4226 4675
5846 4675
4046 4675
6026 4675
3866 4675
6206 4675
3686 4675
6386 4675
3506 4675
6566 4675
3326 4675
4946 4855
5126 4855
4766 4855
5306 4855
4586 4855
5486 4855
4406 4855
5666 4855
4226 4855
5846 4855
4046 4855
6026 4855
3866 4855
6206 4855
3686 4855
6386 4855
3506 4855
6566 4855
3326 4855
6746 4855
3146 4855
4946 5035
5126 5035
4766 5035
5306 5035
4586 5035
5486 5035
4406 5035
5666 5035
4226 5035
5846 5035
4046 5035
6026 5035
3866 5035
6206 5035
3686 5035
6386 5035
3506 5035
6566 5035
3326 5035
6746 5035
3146 5035
4946 5215
5126 5215
4766 5215
5306 5215
4586 5215
5486 5215
4406 5215
5666 5215
4226 5215
5846 5215
4046 5215
6026 5215
3866 5215
6206 5215
3686 5215
6386 5215
3506 5215
6566 5215
3326 5215
6746 5215
3146 5215
4946 5395
5126 5395
4766 5395
5306 5395
4586 5395
5486 5395
4406 5395
5666 5395
4226 5395
5846 5395
4046 5395
6026 5395
3866 5395
6206 5395
3686 5395
6386 5395
3506 5395
6566 5395
3326 5395
6746 5395
3146 5395
6926 5395
2966 5395
4946 5575
5126 5575
4766 5575
5306 5575
4586 5575
5486 5575
4406 5575
5666 5575
4226 5575
5846 5575
4046 5575
6026 5575
3866 5575
6206 5575
3686 5575
6386 5575
3506 5575
6566 5575
3326 5575
6746 5575
3146 5575
6926 5575
2966 5575
4946 5755
5126 5755
4766 5755
5306 5755
4586 5755
5486 5755
4406 5755
5666 5755
4226 5755
5846 5755
4046 5755
6026 5755
3866 5755
6206 5755
3686 5755
6386 5755
3506 5755
6566 5755
3326 5755
6746 5755
3146 5755
6926 5755
2966 5755
4946 5935
5126 5935
4766 5935
5306 5935
4586 5935
5486 5935
4406 5935
5666 5935
4226 5935
5846 5935
4046 5935
6026 5935
3866 5935
6206 5935
3686 5935
6386 5935
3506 5935
6566 5935
3326 5935
6746 5935
3146 5935
4946 6115
5126 6115
4766 6115
5306 6115
4586 6115
5486 6115
4406 6115
5666 6115
4226 6115
5846 6115
4046 6115
6026 6115
3866 6115
6206 6115
3686 6115
6386 6115
3506 6115
6566 6115
3326 6115
6746 6115
3146 6115
4946 6295
5126 6295
4766 6295
5306 6295
4586 6295
5486 6295
4406 6295
5666 6295
4226 6295
5846 6295
4046 6295
6026 6295
3866 6295
6206 6295
3686 6295
6386 6295
3506 6295
6566 6295
3326 6295
6746 6295
3146 6295
4946 6475
5126 6475
4766 6475
5306 6475
4586 6475
5486 6475
4406 6475
5666 6475
4226 6475
5846 6475
4046 6475
6026 6475
3866 6475
6206 6475
3686 6475
6386 6475
3506 6475
6566 6475
3326 6475
4946 6655
5126 6655
4766 6655
5306 6655
4586 6655
5486 6655
4406 6655
5666 6655
4226 6655
5846 6655
4046 6655
6026 6655
3866 6655
6206 6655
3686 6655
6386 6655
3506 6655
6566 6655
3326 6655
4946 6835
5126 6835
4766 6835
5306 6835
4586 6835
5486 6835
4406 6835
5666 6835
4226 6835
5846 6835
4046 6835
6026 6835
3866 6835
6206 6835
3686 6835
6386 6835
3506 6835
4946 7015
5126 7015
4766 7015
5306 7015
4586 7015
5486 7015
4406 7015
5666 7015
4226 7015
5846 7015
4046 7015
6026 7015
3866 7015
6206 7015
3686 7015
4946 7195
5126 7195
4766 7195
5306 7195
4586 7195
5486 7195
4406 7195
5666 7195
4226 7195
5846 7195
4046 7195
6026 7195
3866 7195
4946 7375
5126 7375
4766 7375
5306 7375
4586 7375
5486 7375
4406 7375
5666 7375
4226 7375
5846 7375
4046 7375
4946 7555
5126 7555
4766 7555
5306 7555
4586 7555
