4946 3795
4946 4145
5296 4145
4596 4145
5646 4145
4246 4145
5996 4145
3896 4145
4946 4495
5296 4495
4596 4495
5646 4495
4246 4495
5996 4495
3896 4495
6346 4495
3546 4495
4946 4845
5296 4845
4596 4845
5646 4845
4246 4845
5996 4845
3896 4845
6346 4845
3546 4845
4946 5195
5296 5195
4596 5195
5646 5195
4246 5195
5996 5195
3896 5195
6346 5195
3546 5195
6696 5195
3196 5195
4946 5545
5296 5545
4596 5545
5646 5545
4246 5545
5996 5545
3896 5545
6346 5545
3546 5545
6696 5545
3196 5545
4946 5895
5296 5895
4596 5895
5646 5895
4246 5895
5996 5895
3896 5895
6346 5895
3546 5895
6696 5895
3196 5895
4946 6245
5296 6245
4596 6245
5646 6245
4246 6245
5996 6245
3896 6245
6346 6245
3546 6245
4946 6595
5296 6595
4596 6595
5646 6595
4246 6595
5996 6595
3896 6595
6346 6595
3546 6595
4946 6945
5296 6945
4596 6945
5646 6945
4246 6945
5996 6945
3896 6945
4946 7295
5296 7295
4596 7295
