4462 5535
4817 5535
4713 5786
4462 5890
4211 5786
4107 5535
4211 5284
4462 5180
4713 5284
5172 5535
5077 5890
4817 6150
4462 6245
4107 6150
3847 5890
3752 5535
3847 5180
4107 4920
4462 4825
4817 4920
5077 5180
5527 5535
5475 5864
5324 6161
5088 6397
4791 6548
4462 6600
4133 6548
3836 6397
3600 6161
3449 5864
3397 5535
3449 5206
3600 4909
3836 4673
4133 4522
4462 4470
4791 4522
5088 4673
5324 4909
5475 5206
5882 5535
5860 5782
5796 6021
5692 6245
5550 6448
5375 6623
5172 6765
4948 6869
4709 6933
4462 6955
4215 6933
3976 6869
3752 6765
3549 6623
3374 6448
3232 6245
3128 6021
3064 5782
3042 5535
3064 5288
3128 5049
3232 4825
3374 4622
3549 4447
3752 4305
3976 4201
4215 4137
4462 4115
4709 4137
4948 4201
5172 4305
5375 4447
5550 4622
5692 4825
5796 5049
5860 5288
6237 5535
6210 5843
6130 6142
5999 6422
5822 6676
5603 6895
5350 7072
5069 7203
4770 7283
4462 7310
4154 7283
3855 7203
3575 7072
3321 6895
3102 6676
2925 6422
2794 6142
2714 5843
2687 5535
2714 5227
2794 4928
2925 4648
3102 4394
3321 4175
3574 3998
3855 3867
4154 3787
4462 3760
4770 3787
5069 3867
5350 3998
5603 4175
5822 4394
5999 4647
6130 4928
6210 5227
