0.0 0.0
0.5026411276472167 0.00017698245425022325
0.45710369033418474 0.00015409193953010533
0.32077428944360825 9.164553526832833e-05
0.16930196538867479 3.558659591683788e-05
0.17389349304588403 3.703027155713491e-05
0.0 0.0
0.0 0.0
0.0 0.0
0.0 0.0
0.714921840358229 0.00029461357103690336
0.6686443377195995 0.00026758812073369515
0.7616739840495624 0.00032260549259622407
0.6997520625027323 0.00028567727827705295
0.7085329219777542 0.0002908414279451165
0.6587955358759937 0.0002619285407223287
0.40081251053890493 0.0001271373275304301
0.42913109460970134 0.00014050352821054076
0.19691420862972375 4.453707113682777e-05
0.05824776262951143 7.2468371397880345e-06
0.047973095346644096 5.421103693456823e-06
0.0 0.0
0.0 0.0
0.7860680360477389 0.00033747315709994316
0.7524622004609014 0.00031703941369339434
0.7787048544538193 0.0003329703022401809
0.6690690165562293 0.0002678310036035248
0.7494894486044928 0.00031524650442477873
0.7008137595943067 0.00028629994113826417
0.6245339462031838 0.00024250340864096526
0.6726538055595455 0.00026990166682696205
0.3302989614104333 9.56800122444901e-05
0.6435008524803117 0.0002532066459365105
0.1994872627575396 4.5402902029090504e-05
0.13729304713310558 2.6055886364062178e-05
0.06762261040088433 9.058116285808857e-06
0.0 0.0
0.0 0.0
0.7879915813665915 0.00033865514192392003
0.7054352645811605 0.0002890140061578431
0.7600439667501452 0.00032162020496999145
0.7103065806483846 0.00029188628318584065
0.7419014370382397 0.00031068383908419256
0.7367553287826081 0.0003076034540753555
0.7309846928260503 0.00030415542083799126
0.7685937509758245 0.0003268060629149206
0.6108043292260228 0.00023483777287051664
0.7407273249604985 0.00030997883022214443
0.32445275760206344 9.319808126291992e-05
0.6720042967505824 0.0002695241233192398
0.18945547429756246 4.2056652372892996e-05
0.09452289206287744 1.493679097245208e-05
0.060538592689278733 7.677080554705504e-06
0.0 0.0
0.0 0.0
0.7991206649970958 0.0003455038151148193
0.7703049568763621 0.0003278487223911916
0.6938939926680447 0.0002822462387756759
0.717426196438943 0.0002960947049418877
0.6817344383310121 0.0002751582453269715
0.7622985117504887 0.00032298587942868203
0.7524434646298737 0.00031702700495250466
0.7897277683751662 0.0003397219324885555
0.7442371706397036 0.0003120876708988827
0.7935248967967974 0.0003420552549634339
0.6169802836604817 0.00023827778554967805
0.732670917618551 0.00030516036787179695
0.3233198643525833 9.271843750039032e-05
0.6444001723696454 0.00025371645786623865
0.0475763328982457 5.354145351702775e-06
0.024955564854079102 2.03772418815146e-06
0.027226222669106483 2.321631736817781e-06
0.781109286102385 0.00033443975193759716
0.8237145658595687 0.0003607540312638567
0.722128890026917 0.0002988819262932407
0.7770685918773926 0.00033196991899875713
0.7021190224892424 0.0002870669792969067
0.7770061391073 0.0003319308065775257
0.6898408078890339 0.0002798766938502757
0.7998513624071795 0.00034595331097107807
0.7441684725926018 0.00031204695643294756
0.8291791832426727 0.0003641688638467159
0.794205631990807 0.0003424757642158118
0.7850188295101829 0.00033683352430974073
0.6135322662236683 0.0002363553296432073
0.7113308060779036 0.0002924914028203671
0.3076523379194484 8.61749581129271e-05
0.0475763328982457 5.354145351702775e-06
0.0475763328982457 5.354145351702775e-06
0.0 0.0
0.0 0.0
0.7762442153121701 0.0003314655948688804
0.8518183124012464 0.0003783921752799445
0.7894404856327402 0.00033954545783501227
0.8686430886641976 0.0003890504724801868
0.8039482641252552 0.00034848343430905374
0.8297662392815434 0.0003645320744749284
0.7299916937815777 0.00030356339590060014
0.8175504774514273 0.0003569155592895373
0.7454362638254819 0.0003128059285165593
0.8387469476208617 0.0003701599966587768
0.8055970172557003 0.0003495034323542821
0.8273867887410145 0.000363048221644881
0.7964227053290948 0.00034383877814902477
0.7365679704723302 0.00030749134779323135
0.546933256724602 0.00020010811143760033
0.6244252783832227 0.00024244310513674036
0.0475763328982457 5.354145351702775e-06
0.0 0.0
0.0 0.0
0.8566271756983781 0.0003814295258960411
0.9186552669543657 0.00042115383251416114
0.82040456904466 0.0003586948244639991
0.8921315754960311 0.00040404995906845445
0.7579080820129777 0.0003203253034142929
0.8767057412831546 0.0003941835586899907
0.7601751175673396 0.0003217000283535576
0.8531173300191729 0.0003792123594281824
0.7785612130826062 0.0003328824108268122
0.8915570100111789 0.00040367829143585156
0.8257817525496344 0.00036204666798858365
0.866744524453382 0.00038784217235715487
0.8557965538561462 0.0003809047765627244
0.7746641602288269 0.00033050116799170624
0.743600152384759 0.00031170528627725284
0.6968480086934256 0.00028397322887066653
0.4063121014732608 0.000129700104847584
0.018171695155538622 1.266846996446437e-06
0.06328089382404556 8.202785861941906e-06
0.9460595424710063 0.00043900379373099097
1.0 0.000474649
0.8964220808013939 0.0004068062009105613
0.9700538967405898 0.0004547806678699233
0.8334009905009336 0.00036681227855809044
0.871228633346032 0.00039069463956632793
0.7767500827499203 0.0003317755930952217
0.8685619000630772 0.00038899673824794993
0.7844442640253307 0.0003364779537224973
0.8688928997445681 0.00038920493436838386
0.8317085204314236 0.00036575213894492285
0.8665072039270302 0.00038769265318103186
0.8837629043036203 0.00039869019149268363
0.8012503044572541 0.0003468147842818868
0.8085385427270626 0.00035132374197013503
0.6890913746479225 0.0002794403342472255
0.6389293097095321 0.00025061554922839604
0.0475763328982457 5.354145351702775e-06
0.15361695217991392 3.07974338069335e-05
0.9453038639528856 0.0004385122829297843
0.934530761111909 0.0004314756559976517
0.8982831733501538 0.00040799931905246656
0.9569388150211402 0.00044614210046152594
0.8836192629324073 0.00039859799865102016
0.9314893112083986 0.000429493886079902
0.8286982969129595 0.0003638689917000268
0.8809525296494525 0.0003968920193728492
0.8266935629929865 0.0003626167310034286
0.8458728086884294 0.0003746429880777662
0.8447798852118085 0.00037395617744705563
0.8360177615678144 0.0003684505838959287
0.8827449241511106 0.0003980332172794324
0.7943929903010848 0.0003425867434252846
0.8376914958062964 0.00036950069265118254
0.6794611574996409 0.00027384187138476527
0.73140937166268 0.00030440892343914914
0.0475763328982457 5.354145351702775e-06
0.17601813628443488 3.7704316919079945e-05
0.0 0.0
0.0 0.0
0.9090312950830933 0.0004149291527032681
0.9434864883431905 0.00043732391359034735
0.9081444657477781 0.0004143563509533415
0.913103215693132 0.0004175602743300379
0.8760874588592376 0.0003937890475328033
0.8652456579711593 0.0003868876739965401
0.8108243141124524 0.00035274019878716716
0.8270495437825144 0.0003628390406005458
0.806090394139432 0.00034980776307917135
0.7797103440523104 0.0003335819170752119
0.7960604792625576 0.00034361632163176596
0.7668138470281849 0.00032572335187139724
0.8058343377820523 0.0003496499074949569
0.7319714465935137 0.0003047438682746173
0.8133161796391479 0.000354284594431711
0.6427764003472374 0.0002527923882813622
0.7288238269808457 0.0003028671142448523
0.0475763328982457 5.354145351702775e-06
0.14329101117280055 2.776850834618819e-05
0.8387157212358153 0.00037014453824295366
0.8497386351571622 0.0003770791669987071
0.8486207305725045 0.00037637517469913377
0.8284734669406261 0.00036372884855827775
0.8070396762448399 0.0003503964514336034
0.7965163844842338 0.00034389435596829897
0.7904272394002035 0.00034014850606728657
0.72489554774202 0.0003005279210784344
0.7852936216985903 0.0003370016901093548
0.7256137545980851 0.00030095338401583797
0.7892219009374161 0.00033941119227334326
0.7409334191018042 0.0003101036048300972
0.7904772016162775 0.00034018107323836345
0.682590041281281 0.0002756571622710325
0.7395032506666833 0.00030924546936379364
0.5975668400771916 0.00022751162302258918
0.6670955090213025 0.0002666934438830634
0.0475763328982457 5.354145351702775e-06
0.07722597285802611 1.1045939801774907e-05
0.8403457385352328 0.0003711647461419801
0.8022433035017267 0.0003474283096907963
0.8031551139450789 0.00034799185092523774
0.7904959374473054 0.00034019308866419765
0.7831827180694598 0.00033570657300416556
0.7701550702281399 0.00032775720370220015
0.7800725701188476 0.00033380631398754687
0.7373049131594231 0.0003079280239319015
0.787766751394258 0.0003385175528756378
0.717832139444545 0.00029633618163763653
0.7709981826243902 0.00032826789621598666
0.7098506754267084 0.0002916173052254232
0.7618550970828311 0.00032271724799370476
0.62608902017849 0.00024337395001280282
0.6619431554886617 0.00026373470172557
0.43133193022776517 0.00014155882618145025
0.5100636393727244 0.00018080021799389212
0.0 0.0
0.0 0.0
0.7943367828080014 0.00034255535457560214
0.7760443664478737 0.0003313445589647828
0.7841819623909418 0.0003363199600302271
0.7617177009886273 0.000322633911148444
0.7548354057244209 0.00031847034152297326
0.733582728061903 0.0003057066638479649
0.766457866238657 0.0003255069912128952
0.7150342553443957 0.00029467991731253236
0.7584764022208205 0.0003206694118073207
0.7023688335696129 0.00028721196105445254
0.7920260303145744 0.0003411319474647297
0.6731534277202865 0.0002701903228183686
0.7388474965807107 0.0003088552470631584
0.6110241629767488 0.00023496017651026407
0.6595512143941143 0.0002623595798177628
0.04011378894710875 4.147685549553151e-06
0.15614941200716956 3.155561007488087e-05
0.0 0.0
0.0 0.0
0.7629792469444981 0.00032339943552688277
0.7558284047688935 0.0003190699377595693
0.7690559014745099 0.00032708870356792675
0.7698303158236584 0.0003275597200617033
0.7597129670686543 0.00032142012182037334
0.7755947065032068 0.00033106880522854585
0.7555848389655322 0.00031892329350928354
0.6873177159772921 0.0002784083506223418
0.7673009786349073 0.0003260215820161003
0.654554992786705 0.0002595002905552676
0.7413705884924525 0.0003103681245370688
0.6315473922845848 0.0002464462127016444
0.6630922864583658 0.0002643914719181119
0.0475763328982457 5.354145351702775e-06
0.3996939814265461 0.00012661625851824557
0.007924756902592414 3.6514506142229933e-07
0.018728836317534865 1.3254921869336314e-06
0.7189375534751843 0.00029699094652793824
0.7456985654598709 0.000312966705129246
0.742338606428888 0.0003109455990906876
0.7460920179114544 0.00031320346038308524
0.7767688185809482 0.0003317851493245733
0.6866369807832826 0.00027801176051236255
0.7450053397118428 0.00031254985515329027
0.6492902242678974 0.0002564988566459115
0.724058680622779 0.0003000303676657028
0.6116243340973389 0.00023529310457591444
0.6556229351552888 0.0002601131545393796
0.523559682989739 0.00018780190540778537
0.5061615902973375 0.00017879044621754792
0.0475763328982457 5.354145351702775e-06
0.04590159941544207 5.0746054217747825e-06
0.0 0.0
0.0 0.0
0.7096820529474585 0.0002915175162533334
0.7011884762148625 0.0002865196351509171
0.7330955964551807 0.0003054142233435964
0.6689878279551089 0.0002677857927130108
0.7192935342647122 0.00029720201824869936
0.6246213800813135 0.00024255297431317565
0.6963358959786661 0.0002836754063114769
0.6014282948520181 0.00022964096011016667
0.658014876249836 0.0002614799774795311
0.4945041562318496 0.00017282475206562535
0.46964170845797865 0.00016030186506454494
0.062130014176778804 7.980786711049768e-06
0.043872009292972185 4.742564204570293e-06
0.0 0.0
0.0 0.0
0.6155188888403145 0.0002374622631634826
0.5936348136721603 0.0002253473370788341
0.6235390735756084 0.00024194625486788116
0.5706927885786374 0.0002128421582715571
0.6221326371931226 0.0002411585184204445
0.515116693000918 0.00018341296482659987
0.5648447111871646 0.00020968730213401113
0.0475763328982457 5.354145351702775e-06
0.16955177646904526 3.5664707524934266e-05
0.005570687167829328 2.1524522440904064e-07
0.01595624558927311 1.0425699174311925e-06
0.0 0.0
0.0 0.0
0.30506242154370755 8.510844979921434e-05
0.21733064370070135 5.1553001992243365e-05
0.21761730191542641 5.16534251653437e-05
0.0475763328982457 5.354145351702775e-06
0.0475763328982457 5.354145351702775e-06
0.0 0.0
0.0 0.0
0.0 0.0
0.0 0.0
0.0 0.0
