0.44398889065693414 0.0
0.5165257685072018 0.0
0.7985872942249247 0.0
0.7449263684388123 0.0
0.4539403521720436 0.0
0.7158766325734878 0.0
0.4358306784441051 0.0
0.0 0.0
0.0 0.0
0.314532993417229 0.0
0.47811028313928094 0.0
0.5176531794908256 0.0
0.41669177667105667 0.0
0.4897263404510321 0.0
0.42253422578238825 0.0
0.5263643760699965 0.0
0.5905545756070697 0.0
0.4559547952208608 0.0
0.49553944753476187 0.0
0.4019203228525868 0.0
0.8420552510379742 0.0
0.3387604799001468 0.0
0.30695710759834377 0.0
0.3831098260807741 0.0
0.43663419858458574 0.0
0.3845814416189577 0.0
0.4718412460881999 0.0
0.3629857093040184 0.0
0.4113154143827848 0.0
0.43381510685576474 0.0
0.3846931670317492 0.0
0.5122847169792156 0.0
0.35532405448137405 0.0
0.672968431363919 0.0
0.673497716400275 0.0
0.425175008266552 0.0
0.21378714164638118 0.0
0.434869162770384 0.0
0.35222057079272 0.0
0.36061916192397936 0.0
0.3427600239701795 0.0
0.4132271603349957 0.0
0.3861580113327939 0.0
0.44811595969308243 0.0
0.4002940973997321 0.0
0.3781735942065295 0.0
0.43510615607024483 0.0
0.3300853965857165 0.0
0.5974578518701593 0.0
0.36353192243322147 0.0
0.0 0.0
0.5400445321695834 0.0
0.5228455898368245 0.0
0.261466807959815 0.0
0.3592942565238048 0.0
0.3637215170731102 0.0
0.37248349793082275 0.0
0.3583000132039124 0.0
0.3602083735375538 0.0
0.3898257647830214 0.0
0.38225665020127503 0.0
0.40684301225255365 0.0
0.37770299322537726 0.0
0.39384562256447064 0.0
0.38712291262508447 0.0
0.4415896156307238 0.0
0.34930668174395474 0.0
0.5156308366653463 0.0
0.37950301376479656 0.0
0.0 0.0
0.4374670607526681 0.0
0.30730808339004245 0.0
0.3441503846626965 0.0
0.3594296812665825 0.0
0.3492468691492279 0.0
0.34204227283345806 0.0
0.3511811858919017 0.0
0.35030092506384714 0.0
0.38057964046987874 0.0
0.362283757720621 0.0
0.39066426964871953 0.0
0.39088546339525626 0.0
0.3972662258591289 0.0
0.37646385682896194 0.0
0.5172785043691408 0.0
0.37271146291449847 0.0
0.53108505689532 0.0
0.0 0.0
0.0 0.0
0.29950197550843527 0.0
0.2855137281190293 0.0
0.37486133070609334 0.0
0.3482898676335993 0.0
0.36096336647853916 0.0
0.32921416407384707 0.0
0.35946466599180005 0.0
0.3655384657053767 0.0
0.3772267495466093 0.0
0.36845009767509573 0.0
0.3438411648333542 0.0
0.3809114310896839 0.0
0.3904464615207522 0.0
0.398664486328308 0.0
0.42926709257748275 0.0
0.38314255372694533 0.0
0.5070437794337214 0.0
0.3889534037316288 0.0
0.0 0.0
0.2846831230299932 0.0
0.5346670413417883 0.0
0.3622984287344219 0.0
0.3566534740396411 0.0
0.3471805132823459 0.0
0.35368992925185727 0.0
0.35694463723661296 0.0
0.3453906495986349 0.0
0.3979128790058921 0.0
0.3602817286065584 0.0
0.34112815581970907 0.0
0.3801756233205921 0.0
0.3672685167943609 0.0
0.393978790228202 0.0
0.36995895501754317 0.0
0.42301836923781827 0.0
0.39570884131718614 0.0
0.4080934340442004 0.0
0.5342167540720527 0.0
0.6033240003114769 0.0
0.5801663692965023 0.0
0.3675404948194393 0.0
0.36739829883952285 0.0
0.346051973759199 0.0
0.33398562917771224 0.0
0.35231198249409496 0.0
0.3478756936286044 0.0
0.36004022114860496 0.0
0.3812364504723502 0.0
0.3519485927676416 0.0
0.35407476122925036 0.0
0.34884510907898764 0.0
0.41242815435260766 0.0
0.35206708941757203 0.0
0.41277687306526006 0.0
0.40486468246847707 0.0
0.41825480391061515 0.0
0.4039595937709133 0.0
0.0 0.0
0.7314854627181325 0.0
0.3480020900551969 0.0
0.3651423483327521 0.0
0.3455362311971209 0.0
0.3436007859149239 0.0
0.3584839651461854 0.0
0.3374017183142779 0.0
0.36016548903567425 0.0
0.3839393026302871 0.0
0.3839494594859954 0.0
0.3913109227954827 0.0
0.3559740932467066 0.0
0.41092832532634543 0.0
0.3668137153665327 0.0
0.44644346411977864 0.0
0.35964636085502666 0.0
0.45262221800900804 0.0
0.3584636514347687 0.0
0.0 0.0
0.7128566608095466 0.0
0.0 0.0
0.33284129010124125 0.0
0.35787906796177865 0.0
0.35654062008732634 0.0
0.32402288226737136 0.0
0.3553342113370824 0.0
0.3558025552391883 0.0
0.35129742546278586 0.0
0.3720456245958418 0.0
0.37845347200826995 0.0
0.39183682221326915 0.0
0.3815242280507527 0.0
0.359272814272865 0.0
0.41392685483934677 0.0
0.4087096166238386 0.0
0.4463475382603112 0.0
0.39983365327428816 0.0
0.6253666342775824 0.0
0.4011111600144905 0.0
0.0 0.0
0.4750383985572751 0.0
0.36994315546421913 0.0
0.3538276110736812 0.0
0.3605480639340211 0.0
0.37456903896959826 0.0
0.3652845443126686 0.0
0.36973437565243694 0.0
0.3599691231586467 0.0
0.42272043480370747 0.0
0.3759977700059023 0.0
0.39543009205496893 0.0
0.40011578815507487 0.0
0.411086320859586 0.0
0.4032497424108538 0.0
0.7067117631060116 0.0
0.471427072083205 0.0
0.585995275933556 0.0
0.5024946366159163 0.0
0.0 0.0
0.5165912237995443 0.0
0.3780325267661362 0.0
0.39474732564346504 0.0
0.39937208060932106 0.0
0.3784681430220708 0.0
0.3684117273313087 0.0
0.3888360356212215 0.0
0.38360412639191244 0.0
0.4099103826764669 0.0
0.3992513268803443 0.0
0.3940803587852852 0.0
0.42359279585510007 0.0
0.3903392502660532 0.0
0.44534200954518727 0.0
0.5775255868123386 0.0
0.48954690266685175 0.0
0.5967716998400859 0.0
0.6411526451273613 0.0
0.26194192309905984 0.0
0.3892344100728924 0.0
0.3924247913048287 0.0
0.39326442471004996 0.0
0.3864943161106917 0.0
0.40148470659665203 0.0
0.3973102389005317 0.0
0.4123626990602651 0.0
0.38487373335545266 0.0
0.39991603665947784 0.0
0.3758442886307543 0.0
0.3784410580735153 0.0
0.3953657653021495 0.0
0.42027263257800185 0.0
0.5284747449782813 0.0
0.5733680472090653 0.0
0.5218852027026264 0.0
0.9094211607931828 0.0
0.6571226079194133 0.0
0.5842403969750627 0.0
0.0 0.0
0.4279162307682759 0.0
0.39186729278039406 0.0
0.4134743104905648 0.0
0.4129438969146858 0.0
0.42444822881364536 0.0
0.39908430303091863 0.0
0.4195074827813082 0.0
0.43992050567598956 0.0
0.40205687613488755 0.0
0.40413000323890846 0.0
0.4376510126949411 0.0
0.49770285780063445 0.0
0.46701222546865423 0.0
0.0 0.0
0.7016107644613876 0.0
0.45775030160218755 0.0
0.0 0.0
0.45596156645799973 0.0
0.3989477497486178 0.0
0.4241581941561966 0.0
0.39114502748558005 0.0
0.43713978429095557 0.0
0.40152646255900853 0.0
0.40662294704554 0.0
0.4241988215790299 0.0
0.3870066730542004 0.0
0.6097058913148726 0.0
0.4646389068514763 0.0
0.5342528673367934 0.0
0.7204618886560337 0.0
0.0 0.0
0.6562795888956224 0.0
0.45806403558962244 0.0
0.21076942696148634 0.0
0.43334450587461254 0.0
0.44412431539971176 0.0
0.43331177822844125 0.0
0.46363676375492185 0.0
0.4501168602676219 0.0
0.4456410725188212 0.0
0.3995650608677792 0.0
0.4503211259213114 0.0
0.4392591815154255 0.0
0.7386923161129488 0.0
0.8386572185337788 0.0
0.5505207645629562 0.0
0.5243488044816561 0.0
0.0 0.0
0.0 0.0
0.45836084148421 0.0
0.43020490892121777 0.0
0.4220986095264535 0.0
0.4079704232361773 0.0
0.3686464635521233 0.0
0.6055438375535068 0.0
0.47556091235649206 0.0
0.0 0.0
0.6942301159800068 0.0
0.21608146249693883 0.0
0.4613650136948271 0.0
1.0 0.0
0.4445159186142438 0.0
0.4997082725332665 0.0
0.6566260505292286 0.0
0.5015229640864868 0.0
0.0 0.0
0.0 0.0
0.0 0.0
0.3637158743754944 0.0
0.5119969394008133 0.0
0.36268438925133817 0.0
0.0 0.0
