0.3566354174072707 0.0
0.42505538307709845 0.0
0.5318129648877499 0.0
0.41505539436249367 0.0
0.6410860612954957 0.0
0.5066081631777868 0.0
0.5057685297725654 0.0
0.599890983082064 0.0
0.3786080819229411 0.0
0.0 0.0
0.35157504618547997 0.0
0.38454871397278645 0.0
0.40469878715857444 0.0
0.3741966209269598 0.0
0.45811143424959455 0.0
0.5003312263500436 0.0
0.6879543076917868 0.0
0.9027029650118892 0.0
0.5852842960339736 0.0
0.46120024692444767 0.0
0.0 0.0
0.28216647989337557 0.0
0.45487929705530183 0.0
0.38346193041199594 0.0
0.3632599444081431 0.0
0.3995492613144551 0.0
0.35300716284035344 0.0
0.4008504673846435 0.0
0.36114167572319633 0.0
0.44606766045857077 0.0
0.4398403793698461 0.0
0.4683450306454907 0.0
0.5686552661604038 0.0
0.8519502855769263 0.0
0.45500230786332485 0.0
0.6286360132761389 0.0
0.3571274606393628 0.0
0.0 0.0
0.39675386891562026 0.0
0.36947932572020575 0.0
0.4032237860018215 0.0
0.35742426653395043 0.0
0.3949335346647843 0.0
0.3519485927676416 0.0
0.45381508428497425 0.0
0.35734301168828386 0.0
0.4380403588304268 0.0
0.43910570014027744 0.0
0.433448331510742 0.0
0.0 0.0
0.5992770575814721 0.0
0.4525928759814062 0.0
0.5144334562312873 0.0
0.0 0.0
0.27524176137934614 0.0
0.4011788723858793 0.0
0.3557788559092022 0.0
0.4052720852363331 0.0
0.34835080876784924 0.0
0.41246201053830206 0.0
0.3362506080006681 0.0
0.3925715014428378 0.0
0.3431369561709105 0.0
0.3918469790689775 0.0
0.36936872884693733 0.0
0.4118300284053398 0.0
0.419351744327114 0.0
0.4753318188332933 0.0
0.4959333078283401 0.0
0.5576689339025687 0.0
0.9170139747049152 0.0
0.47037414470810884 0.0
0.3836266971823754 0.0
0.36318884641818483 0.0
0.3778892022466965 0.0
0.3723559729647072 0.0
0.40170815742223515 0.0
0.3612703292288351 0.0
0.4353770055558001 0.0
0.35424742777629187 0.0
0.3889218046249807 0.0
0.33511529724038236 0.0
0.39437603614034966 0.0
0.38645143160881207 0.0
0.4043049268649962 0.0
0.39797833429823465 0.0
0.40331971186128895 0.0
0.8564678292880834 0.0
0.0 0.0
0.5366070007820779 0.0
0.2900041868816309 0.0
0.3640691072462394 0.0
0.358887982295472 0.0
0.37940483082628274 0.0
0.3445194170867655 0.0
0.40125448453393014 0.0
0.3497659973298755 0.0
0.4061297752739248 0.0
0.33231426214393167 0.0
0.4081284187694179 0.0
0.3402693372425942 0.0
0.40277124165303957 0.0
0.34179060851979626 0.0
0.40138990927670776 0.0
0.35029076820813876 0.0
0.3988394099543957 0.0
0.40374855688008476 0.0
0.4341468974755699 0.0
0.5382614397230112 0.0
0.40201286309348483 0.0
0.37116197814921775 0.0
0.37033363013922793 0.0
0.37166417823701814 0.0
0.3493563374829732 0.0
0.4014440791738188 0.0
0.33505209902708605 0.0
0.3939313915682298 0.0
0.34484330792990864 0.0
0.4772480789435967 0.0
0.33550802899443743 0.0
0.40896918071416233 0.0
0.3347248225653735 0.0
0.42444484319507597 0.0
0.32958545357696245 0.0
0.4142022184829946 0.0
0.3536854150937647 0.0
0.3739912267337471 0.0
0.5259739013949877 0.0
0.4171161075317599 0.0
0.363835499564948 0.0
0.3502343412319815 0.0
0.37968245154897695 0.0
0.3407568663165937 0.0
0.4091158908521714 0.0
0.3316935654062009 0.0
0.3960135469884359 0.0
0.3565011212040163 0.0
0.40390655241332535 0.0
0.32762856604382573 0.0
0.4001575441174313 0.0
0.3549493793596893 0.0
0.4644707544625274 0.0
0.32895121436495384 0.0
0.45335125454096087 0.0
0.39207720113169947 0.0
0.41440309851811474 0.0
0.767063799724862 0.0
0.5037901999884888 0.0
0.37259973750170694 0.0
0.3609498240042614 0.0
0.3929755185921244 0.0
0.3409735459050379 0.0
0.40482631212469006 0.0
0.34050971616102454 0.0
0.43636222055950735 0.0
0.3485720025143861 0.0
0.41252972290969087 0.0
0.3335014857222822 0.0
0.4336356690715844 0.0
0.35113717285049895 0.0
0.4698809729364937 0.0
0.3483462946097567 0.0
0.42829090588996066 0.0
0.41165171916068255 0.0
0.43516935428354103 0.0
0.0 0.0
0.4402274684262855 0.0
0.9193353805040283 0.0
0.6355404180787517 0.0
0.3765676824650915 0.0
0.35879431351505076 0.0
0.37086855787319956 0.0
0.36765899146936976 0.0
0.4004306506820329 0.0
0.341550229601366 0.0
0.3837519650694447 0.0
0.34346423263262316 0.0
0.3936684418593366 0.0
0.35987658291774866 0.0
0.4325071295484375 0.0
0.3377628509616849 0.0
0.4274264446152301 0.0
0.3897253247654613 0.0
0.39944543567832563 0.0
0.47703929913181453 0.0
0.47230846145078265 0.0
0.4993877673086928 0.0
0.5312091962428662 0.0
0.38349352951864407 0.0
0.36848395386079014 0.0
0.3568566111538075 0.0
0.35837562535196327 0.0
0.38804041525740296 0.0
0.3430353876138273 0.0
0.3709610981140976 0.0
0.34395063316709945 0.0
0.39241463444912034 0.0
0.3494353352495934 0.0
0.4101597899110824 0.0
0.35211900223563675 0.0
0.4594182830173987 0.0
0.4074106676326965 0.0
0.48057839907640326 0.0
0.43152981432139226 0.0
0.4460710460771402 0.0
0.4571363761015957 0.0
0.35932472709092983 0.0
0.3403494635487377 0.0
0.3575687195929132 0.0
0.3805153137170594 0.0
0.3397321524295763 0.0
0.38008872577730984 0.0
0.35248352050161325 0.0
0.3976409009808137 0.0
0.34302184513954953 0.0
0.4054120241372033 0.0
0.35132676749038766 0.0
0.4422633537260425 0.0
0.3648545707543497 0.0
0.4306867952976015 0.0
0.3729631272281602 0.0
0.600106534130985 0.0
0.44375866859421215 0.0
0.0 0.0
0.5492048874789669 0.0
0.0 0.0
0.38856970029375887 0.0
0.36108863436560845 0.0
0.364757516355359 0.0
0.3567776133871873 0.0
0.371916971090203 0.0
0.3693213301869651 0.0
0.3807624638726285 0.0
0.370910313835556 0.0
0.3837564792275373 0.0
0.3738264599633676 0.0
0.5035362785957809 0.0
0.3636470334645825 0.0
0.4774850722434576 0.0
0.35802126394169514 0.0
0.5638567161079832 0.0
0.47708782633130986 0.0
0.577290850591524 0.0
0.40476762806948646 0.0
0.2605899327503298 0.0
0.4002049427774035 0.0
0.37263020806883185 0.0
0.3613673836278258 0.0
0.3840521565826018 0.0
0.37972985020894906 0.0
0.37080648819942646 0.0
0.38707664250463547 0.0
0.3789737287284407 0.0
0.3830974121460195 0.0
0.3629744239087869 0.0
0.4033592107445991 0.0
0.3422284818547773 0.0
0.47294495774183754 0.0
0.35056387477274037 0.0
0.0 0.0
0.3177640020719986 0.0
0.0 0.0
0.42724474975200344 0.0
0.4011055173168747 0.0
0.4278157907507158 0.0
0.37584993132837 0.0
0.4757189078897327 0.0
0.38140121724272963 0.0
0.4615478370975769 0.0
0.39736779441621217 0.0
0.6259523462900957 0.0
0.35615917372850275 0.0
0.7343022973679073 0.0
0.3803539325652493 0.0
0.6781032861942375 0.0
0.5077141319104708 0.0
0.2731302639315383 0.0
0.2928751914285166 0.0
0.26813986216018265 0.0
0.5227214504892783 0.0
0.49587688085218273 0.0
0.5709258876809754 0.0
0.4425161465792274 0.0
0.5913953375518141 0.0
0.4061771739338969 0.0
0.5890028337627427 0.0
0.3620806206064545 0.0
0.0 0.0
0.46000173795086563 0.0
0.6157063359594448 0.0
0.7425406358868797 0.0
0.21410313271286233 0.0
0.29451608789517225 0.0
0.31601138019255137 0.0
0.7941600336756194 0.0
0.5197319492924621 0.0
0.031139339646383428 0.0
0.49183670935931684 0.0
0.5450417051780779 0.0
0.4771939090464857 0.0
0.0 0.0
0.43696824628343717 0.0
0.35801674978360254 0.0
0.3382063669942817 0.0
0.3106011617185851 0.0
0.0 0.0
0.2951130853029169 0.0
0.2693835127146905 0.0
0.7280490598701502 0.0
0.5540925921537161 0.0
0.7950628652941368 0.0
0.0 0.0
0.6326840845456668 0.0
0.5945913614813662 0.0
0.0 0.0
0.26193063770382835 0.0
0.38688479078570054 0.0
