0. 0.
0.6771632  0.56520473
0.67309848 0.5236934 
0.68575667 0.75591651
0.68259499 0.56601171
0.68271868 0.69522537
0. 0.
0. 0.
0. 0.
0. 0.
0.68753772 0.61116908
0.69029758 0.65042361
0.67912085 0.5492958 
0.68219388 0.57302242
0.67193448 0.45650347
0.68088616 0.50195393
0.67189301 0.49423394
0.6923875  0.46467483
0.67344954 0.5825459 
0.70410262 0.54350239
0.67918591 0.78815838
0. 0.
0. 0.
0.6653201  0.43264985
0.67650899 0.58202811
0.66191103 0.42359336
0.68233544 0.70488952
0.66125538 0.41645564
0.68387839 0.48841122
0.66308862 0.39800073
0.68800532 0.43052397
0.66497619 0.4239099 
0.70005577 0.45773641
0.67153194 0.45648589
0.71132974 0.52187234
0.67900573 0.77261092
0. 0.
0. 0.
0.65872217 0.42313419
0.66269823 0.42741526
0.65788206 0.41943344
0.66941485 0.52164373
0.65793854 0.42263594
0.67386924 0.49488851
0.65879653 0.41292098
0.67666843 0.4939389 
0.66138122 0.40035327
0.65859705 0.02973321
0.66349974 0.41766513
0.69634139 0.46186507
0.66920035 0.46040157
0.71230928 0.602265  
0.6809741  0.79255082
0. 0.
0. 0.
0.65595373 0.37342806
0.65778339 0.37003994
0.65592012 0.38001086
0.66133689 0.41708285
0.65613962 0.38455181
0.66564113 0.43088349
0.65659221 0.39550556
0.66945918 0.47628315
0.65802362 0.41334693
0.67225622 0.52925821
0.66022436 0.40187343
0.67960633 0.47496229
0.66197609 0.41870071
0.69740244 0.49134016
0.67180578 0.46548962
0.70150291 0.77007276
0.68448757 0.83928697
0.65407974 0.34750522
0.65477042 0.37699204
0.65399179 0.34593816
0.6575024  0.35853713
0.6539303  0.37750787
0.6615664  0.40851485
0.65535885 0.3838054 
0.66382148 0.42361876
0.65609315 0.39339922
0.66738285 0.42022478
0.65671662 0.42507054
0.67132888 0.50229978
0.65968812 0.40923586
0.67920093 0.45144669
0.66209549 0.42488687
0.70295577 0.52326549
0.67715033 0.63094484
0. 0.
0. 0.
0.65471751 0.37068278
0.65576139 0.36798635
0.65431568 0.34508234
0.65459381 0.43698563
0.65316598 0.38359633
0.6585613  0.42513697
0.65302727 0.38349277
0.66089217 0.39602335
0.65490698 0.37213065
0.66490684 0.4026511 
0.65574852 0.40864968
0.66810928 0.39429998
0.6564821  0.43112969
0.67234202 0.45287111
0.65915259 0.41283305
0.68682344 0.45576489
0.66817577 0.47892878
0. 0.
0. 0.
0.65636914 0.3703213 
0.65709342 0.36290808
0.65505284 0.37238466
0.65612961 0.36027808
0.65448728 0.37141942
0.65474754 0.36868195
0.65455592 0.38134735
0.65782915 0.35202857
0.65383521 0.37950089
0.66129399 0.3842001 
0.65470321 0.39148241
0.66553889 0.38895988
0.65471107 0.4143239 
0.66888504 0.37247063
0.65721711 0.4256235 
0.67759649 0.39147655
0.66379503 0.40365933
0.71499049 0.19539341
0.67912085 0.78123364
0.65848551 0.34806209
0.65846906 0.34919342
0.65685747 0.36213041
0.65724571 0.34947087
0.65625331 0.36511993
0.6549749  0.36212846
0.65559909 0.36902194
0.6558572  0.36453766
0.65451659 0.37818589
0.49484563 0.19539341
0.65461455 0.46467287
0.66380718 0.37783027
0.65500851 0.41008972
0.66701177 0.37153274
0.65575853 0.41050787
0.6724171  0.37060267
0.66137693 0.39917896
0.71499049 0.19539341
0.67482804 0.58803841
0.6609465  0.36426802
0.65931919 0.33871056
0.65844976 0.34905859
0.65795856 0.34655561
0.65760106 0.35807209
0.65455592 0.36035429
0.65650999 0.36483075
0.65453876 0.3636115 
0.65623972 0.3795087 
0.65867641 0.34988706
0.6573358  0.37738282
0.66314653 0.37254879
0.65758605 0.46938185
0.66619096 0.36450835
0.65747952 0.45982516
0.67055526 0.36752327
0.6598304  0.41358531
0.69034262 0.48333294
0.67178791 0.52892213
0. 0.
0. 0.
0.65991191 0.33990246
0.65903962 0.34499246
0.66042027 0.37207203
0.65690395 0.34973856
0.65838612 0.36005534
0.65349845 0.37100909
0.65807439 0.36828921
0.65479902 0.3688539 
0.65873289 0.43458033
0.65901031 0.35230994
0.6218687 1.       
0.66330025 0.36404722
0.66263746 0.4904648 
0.6660258  0.36244109
0.66312437 0.49966392
0.67110652 0.36135275
0.66500622 0.43272019
0.71499049 0.19539341
0.67190445 0.66354233
0.65900888 0.35589932
0.65796499 0.35549876
0.6588573  0.35552416
0.65555405 0.36313474
0.65967883 0.41133829
0.65328681 0.37476455
0.65925484 0.44566891
0.65545681 0.36343564
0.66068911 0.44310339
0.658552   0.34718477
0.66435915 0.46147624
0.66308004 0.3593187 
0.6697702  0.57039438
0.66627676 0.35048497
0.67530423 0.62519442
0.67425605 0.37028418
0.68583461 0.68221412
0.71499049 0.19539341
0.67870329 0.8395742 
0.65657505 0.37306463
0.65552974 0.37079416
0.65744234 0.37657194
0.65436073 0.37375046
0.71499049 0.19539341
0.6543164  0.36687261
0.6588094  0.44066293
0.65610888 0.36490109
0.66354335 0.45131187
0.65831033 0.35364057
0.66986458 0.54165983
0.66309076 0.35424629
0.6768386  0.56529852
0.66694456 0.34619999
0.6815318  0.58599459
0.68083468 0.36220857
0.68533054 0.75092421
0. 0.
0. 0.
0.65445296 0.38195698
0.65431997 0.37355897
0.65594586 0.37928595
0.65490912 0.37101104
0.65779268 0.4251995 
0.6560338  0.36391631
0.66210121 0.44630394
0.65653787 0.36722041
0.66826372 0.51787459
0.65861349 0.35140918
0.67506828 0.49995897
0.66337604 0.35110241
0.67890278 0.51966244
0.66970514 0.35943789
0.68064378 0.55671489
0.87647109 0.19539341
0.68107992 0.64938412
0. 0.
0. 0.
0.65694113 0.37729685
0.65670947 0.36683939
0.65908181 0.41363025
0.6564964  0.36637827
0.66177804 0.44511985
0.65640417 0.36728294
0.66534298 0.4651086 
0.6583182  0.36271073
0.67409804 0.51192095
0.66086142 0.38054233
0.67681858 0.48946634
0.66606298 0.34438478
0.67925741 0.53938349
0.68174987 0.36366816
0.67882985 0.53728497
0.71499049 0.19539341
0.69077734 0.75670004
0.65893953 0.41775501
0.65781699 0.37821715
0.66109308 0.44015686
0.65798144 0.36430905
0.66479172 0.47597052
0.65904963 0.35686065
0.67163704 0.51618444
0.66099298 0.36898481
0.67639101 0.47660946
0.66517138 0.35561795
0.68125295 0.48757298
0.67900359 0.36882655
0.67962635 0.51481864
0.76506127 0.08701318
0.69496575 0.66212572
0. 0.
0. 0.
0.66078992 0.43048684
0.66039096 0.41480652
0.66320516 0.44836338
0.66070341 0.38675975
0.66998112 0.53900443
0.66227353 0.36718915
0.6762709  0.48118752
0.66796914 0.37306072
0.68628648 0.44511008
0.6820759  0.36953973
0.68431454 0.49221943
0.68964408 0.56081229
0.69398621 0.65050372
0. 0.
0. 0.
0.66641618 0.3892432 
0.66658063 0.37340657
0.67333157 0.43818143
0.67089989 0.38398126
0.69019248 0.45810961
0.68044144 0.3839754 
0.69465831 0.4785673 
0.68992721 0.42809913
0.69326622 0.49479277
0.71499049 0.19539341
0.68913143 0.67341165
0. 0.
0. 0.
0.71070412 0.44684518
0.70889162 0.51957451
0.70447584 0.4528164 
0.70219216 0.67391381
0.69809813 0.54550126
0. 0.
0. 0.
0. 0.
0. 0.
0. 0.
