0.0 0.0
0.21958855330199192 0.06547691482358795
0.2141547754182454 0.01403094974489752
0.23771612009253834 0.017257762429702117
0.7835835981112224 0.10936554637198141
0.3673994059990981 0.08615111931332252
0.0 0.0
0.0 0.0
0.0 0.0
0.0 0.0
0.7315903778073799 0.019843730566685154
0.6243885920036214 0.018581804498027776
0.6695606501182646 0.011331577486536498
0.36661327915105213 0.02251485797383148
0.37642517886545485 0.004321172840785989
0.1949352697970065 0.004754627178564826
0.21256697196032392 0.01103668975115198
0.17277513143868126 0.0
0.17277513143868126 0.0
0.20101695442364806 0.005674447301338834
0.20101695442364806 0.005674447301338834
0.0 0.0
0.0 0.0
0.6893796854455957 0.01255381088586993
0.6651116904837185 0.026032005987349408
0.4505612600144786 0.024456510249711898
0.6794658484036442 0.014825061506564591
0.35797106707648924 0.015096678014710072
0.5055866838750698 0.008552453785762294
0.27160941762686447 0.011345858719701722
0.2614208681259254 0.004317051932057906
0.2212575610716896 0.009262461027631926
0.22327384685557902 0.18262282410627745
0.17277513143868126 0.0
0.20510999728743043 0.15030029870228598
0.17277513143868126 0.0
0.0 0.0
0.0 0.0
0.5657003353565301 0.016030306973031528
0.6076777812908721 0.034135691686233455
0.4496109967915658 0.015926660261546995
0.6530157035316965 0.02820616439363704
0.37245307859367954 0.019459109053589663
0.6774080965882094 0.019318527320931533
0.3100467011180279 0.0652239044207973
0.534745942807976 0.06153588936862784
0.2642146420012889 0.008261516269024704
0.267922396321963 0.024326040766292266
0.21056105268432082 0.004301741250235406
0.17277513143868126 0.0
0.261235998735286 0.16264004685661562
0.38397890761195397 0.11370613799549747
0.17277513143868126 0.0
0.0 0.0
0.0 0.0
0.5175185344522251 0.016832911355299962
0.5312507018989715 0.0454112037481837
0.42763745557519434 0.034383761978067924
0.5977950437725796 0.04886526136558009
0.3561638392016407 0.05670983113304204
0.6579363392750701 0.024617477657583875
0.3449904714515012 0.016877382351020327
0.6694397075262575 0.020037133773909917
0.30185888763914875 0.01153985397322331
0.5456843363793589 0.013487570605421337
0.2604999766753573 0.02095662397358614
0.2687413504449824 0.039518146841584216
0.22233913339449574 0.00829409456432159
0.20596177868542315 0.004997827329224741
0.40030270203028057 0.23153468255161225
0.17277513143868126 0.0
0.31905174096861194 0.022466889780005425
0.5424931797016864 0.024828285355407084
0.5706728036393354 0.07324071829187595
0.4540046683840515 0.029680010390005306
0.5938626817810352 0.07817727115501905
0.3813268093443702 0.025720302626873096
0.6224414162723074 0.04017417408632191
0.33943402322443317 0.032805347929376436
0.6561913104475394 0.04374151589703985
0.32434384324457877 0.04840766991656689
0.7844129187421279 0.010787717106292989
0.29707992750355483 0.02638081639428667
0.5396631230487209 0.01954352223702329
0.2663138598482689 0.011943324409843345
0.2679655901048227 0.016506439181425983
0.24328639033012145 0.00838126480415075
0.17277513143868126 0.0
0.17277513143868126 0.0
0.0 0.0
0.0 0.0
0.5829087384478228 0.028778670744159768
0.6235955541503179 0.04809187621473876
0.5174356023891346 0.03285400439453547
0.6403962079314152 0.04403133783101555
0.41817801712892655 0.03567367937842419
0.6388550537589822 0.03685963672369974
0.3960437950403171 0.017569255231199045
0.728155608194379 0.03468612928970416
0.35921677577416217 0.011597241762513671
0.7047618553975815 0.016325596951728357
0.32790992195747315 0.01977982161140454
0.17277513143868126 0.0
0.29053866102728637 0.018306027523078437
0.5632348342309001 0.04134475991807003
0.2655657435291394 0.019419654335014438
0.3295720187219133 0.007687629865909221
0.30956638625262833 0.0018353850517893455
0.0 0.0
0.0 0.0
0.6369787158315581 0.05115257577485327
0.6949223116621487 0.035016023408957014
0.595269071350946 0.046047991444866584
0.758876754315491 0.030631908412593927
0.524718074179275 0.02197991540929565
0.6945473896269266 0.04434796210350266
0.415491363835055 0.019338796234884336
0.7090881446888061 0.037290661893926436
0.4628611216215983 0.006995636706076675
0.8054396522382155 0.015633744737874208
0.3567685521616761 0.00965644034022879
0.8036013248397078 0.013739171850784486
0.29495824888948785 0.2103090659154404
0.6958518418692887 0.01569145903415246
0.27306418423357814 0.009734355878069135
0.7367528987347678 0.015186171774590654
0.2631952687258007 0.016265283370566375
0.3288826459474729 0.23206847481197745
0.17277513143868126 0.0
0.7153063216692843 0.029105241983665844
0.7523078438181922 0.0178183360500495
0.7417011784991715 0.01840620478587114
0.9451732675405633 0.017300073419755455
0.5452057492652738 0.025530785785444387
0.8219707768142684 0.01899147040413831
0.5560162892393921 0.010162365320057293
0.7435101341253346 0.039964338868357444
0.411171985549088 0.01438958039226866
0.7132088315736186 0.03478326603672853
0.36582196904906294 0.01843457382871419
0.7073603933744192 0.03414117380245237
0.3077280588541208 0.021830720860005495
0.7118594577970825 0.018790455805849128
0.26565213109485875 0.00930321732658128
0.17277513143868126 0.0
0.24851456580745593 0.016805698106902887
0.17277513143868126 0.0
0.17277513143868126 0.0
0.7428604996311251 0.01758499374726799
0.8851598256353373 0.012668584456458076
0.7797894562248289 0.01314740618984186
0.8117390335304698 0.02450096277076023
0.7048119601856988 0.014574383637503954
0.7800710796890739 0.6601850757359788
0.6037557858072141 0.01143881749348206
0.7736680333179564 0.03396634766675824
0.6173911991803548 0.0064458110759225765
0.7599531433843538 0.03281006502184741
0.47959612085274894 0.004437741273940155
0.7922223546831564 0.018561690547990884
0.3385822418264405 0.00635099025928364
0.6749339567060075 0.02786896797993044
0.27707602278558435 0.005365161567208662
0.4452916185055988 0.006983998273803662
0.2327367408044756 0.2829194368567366
0.17686471879983484 0.0009339765951550398
0.17277513143868126 0.0
0.0 0.0
0.0 0.0
0.752065958634178 0.03224783624027492
0.7890743917883435 0.023098259041063465
0.6679745744116575 0.029537167705909084
0.8249321425671275 0.036507371969308235
0.6531988451710214 0.019516601695442365
0.81826129474228 0.030149492013815102
0.5885360244787806 0.010805462555827964
0.7460827558324565 0.04418413992453183
0.5390342215702841 0.01272492696518754
0.7681599621276912 0.036656439760741
0.6124049088870345 0.006568471331249665
0.6975312161468726 0.024972384822395804
0.39022991186740547 0.003589088884511919
0.6744933801208389 0.016341962860257745
0.24935425294624794 0.004584527552968536
0.3675341706016203 0.0044987652618320734
0.2019706731491896 0.013207993352995143
0.19362045104675812 0.017075987801211844
0.17277513143868126 0.0
0.7347573459666509 0.026112247415370417
0.7516754868371266 0.05439965699298705
0.6970267127630717 0.031134301287001953
0.7844215574987 0.028731557481595133
0.6494461693161734 0.026142156653483926
0.820199831717022 0.040818474925145176
0.6614903237287638 0.015072321622289376
0.7530905151636095 0.05202093227975059
0.6190429294369085 0.011260205173578534
0.7026453600374577 0.06286975570563956
0.46829317175403046 0.0107155311853929
0.8951928775179816 0.010147369343817329
0.3103559686033031 0.004373536309557747
0.5256752484074452 0.009927009093500716
0.22167740464108557 0.0031772357374992874
0.4858160255845415 0.015384336082185677
0.22753275384554247 0.3322433271652611
0.17277513143868126 0.0
0.27010281848071915 0.017496396252161848
0.815934013721801 0.019479935017199766
0.8104138482723351 0.04392045954850403
0.17277513143868126 0.0
0.8480287221378504 0.01936931522511736
0.8907646508992083 0.015363107010523737
0.8363439399986524 0.025914451518434245
0.809346097960044 0.011337320140224295
0.7969391157714324 0.024702642077655514
0.6730247915036102 0.00716980040636711
0.6773476252922059 0.03041853036090997
0.4329261023485324 0.00603390755148267
0.6135037587229845 0.01801026174257542
0.27974367081499757 0.004549807010869283
0.5412060049724683 0.0275460867586867
0.19481432720499942 0.0067003660441578685
0.4080551221779342 0.005342298465065733
0.0 0.0
0.0 0.0
0.0 0.0
0.7497473163702709 0.04084960765877602
0.7147724465131388 0.036871608130624914
0.7649307949211023 0.02022209295993172
0.7427188240233453 0.031800917616325176
0.7124486209952885 0.016270402892255703
0.9092412234552608 0.017776393311529113
0.6391660489955717 0.02381692490069749
0.6953369719776015 0.07403809010223106
0.6456658494402949 0.0074203793412775335
0.5753463709447517 0.01593554103996807
0.36385233255066196 0.005269382250465197
0.5999478219103055 0.016661690915310813
0.26755265754068425 0.00186021068655654
0.5896625183357609 0.019206369614728734
0.21019649715698524 0.00586935882941393
0.15113435512546067 0.0006481230571764743
0.2030591564772533 0.01762165635233687
0.0 0.0
0.0 0.0
0.6750099777638406 0.05450327564855465
0.7337621612095642 0.01482522420994252
0.17277513143868126 0.0
0.6372396062800305 0.04073241935738017
0.71660040740376 0.01133633180496452
0.6277784400824483 0.04974911859630573
0.6290587038064089 0.01307882241670943
0.5140422988076788 0.02573347152061121
0.4536504793646022 0.00654885295505946
0.549338530409287 0.020961659643357573
0.4929948322958187 0.0030655799057684435
0.5590554038013984 0.03298549874617087
0.20538470974641793 0.002461124976891326
0.3557837339124756 0.07723424452518803
0.18433897098587218 0.0026538912974894044
0.18433897098587218 0.0026538912974894044
0.18433897098587218 0.0026538912974894044
0.6148531324995206 0.01596429267347055
0.5870933521312676 0.015117008014692797
0.5731503990241661 0.013493966419425454
0.5719720726277543 0.016414282948649505
0.4635487666447242 0.019148550581820255
0.5272077638233064 0.014873216387548443
0.4225578667108971 0.005127359410456697
0.5261780240399319 0.028027977424337453
0.34618780311237124 0.0020256936967658224
0.5562719964339213 0.03463900159074064
0.23495171798951944 0.0004347617075193464
0.35078880486258335 0.008169485397564218
0.17277513143868126 0.0
0.17277513143868126 0.0
0.23358852220246826 0.020619302673004058
0.0 0.0
0.0 0.0
0.3005302468783853 0.0012490968704031017
0.3030821355697346 0.0064938378367171345
0.19632610960508787 0.0011455176945404787
0.3360735469179508 0.007286545000146859
0.21210566235938266 0.04601568713188099
0.37828769478236385 0.00743399629155458
0.17277513143868126 0.0
0.17277513143868126 0.0
0.17277513143868126 0.0
0.145910844576675 0.0016381264609778726
0.17277513143868126 0.0
0.17277513143868126 0.0
0.25531499498088245 0.021295619479359422
0.0 0.0
0.0 0.0
0.17683361927617586 0.0006242403594068284
0.195705846883223 0.000782766632837296
0.17277513143868126 0.0
0.1984201441981247 0.1195614310290314
0.17277513143868126 0.0
0.5553735657504402 0.1521906843432904
0.0 0.0
0.17277513143868126 0.0
0.17515942825253505 0.10967555052204007
0.2099580674755998 0.013821812527406453
0.4620525340064653 0.18586063180410067
0.0 0.0
0.0 0.0
0.2657955344539528 0.015017208480667324
0.17277513143868126 0.0
0.505011342687379 0.06393898108630637
0.17277513143868126 0.0
0.0 0.0
0.0 0.0
0.0 0.0
0.0 0.0
0.0 0.0
0.0 0.0
