0.011331430605604511 5.50822e-05
0.5026411276472167 0.000352105
0.45710369033418474 0.000337105
0.32077428944360825 0.000285701
0.16930196538867479 0.000210196
0.17389349304588403 0.000212948
0.0475763328982457 0.000112538
0.0475763328982457 0.000112538
0.009437737710856164 5.0277e-05
0.014156044491353414 6.15514e-05
0.714921840358229 0.000412092
0.6686443377195995 0.000400195
0.7616739840495624 0.000423548
0.6997520625027323 0.000408255
0.7085329219777542 0.000410484
0.6587955358759937 0.000397587
0.40081251053890493 0.000317199
0.42913109460970134 0.000327414
0.19691420862972375 0.000226175
0.05824776262951143 0.000124414
0.047973095346644096 0.000113003
0.005911629330318946 3.98026e-05
0.007815964177091074 4.57597e-05
0.7860680360477389 0.000429318
0.7524622004609014 0.000421336
0.7787048544538193 0.000427595
0.6690690165562293 0.000400304
0.7494894486044928 0.000420615
0.7008137595943067 0.000408525
0.6245339462031838 0.000388295
0.6726538055595455 0.000401249
0.3302989614104333 0.000289677
0.6435008524803117 0.000393483
0.1994872627575396 0.000227598
0.13729304713310558 0.000189783
0.06762261040088433 0.000133951
0.006288369420625652 4.10501e-05
0.007690309203664728 4.53909e-05
0.7879915813665915 0.00042977
0.7054352645811605 0.000409696
0.7600439667501452 0.00042316
0.7103065806483846 0.00041093
0.7419014370382397 0.000418767
0.7367553287826081 0.000417511
0.7309846928260503 0.00041609
0.7685937509758245 0.0004252
0.6108043292260228 0.000384473
0.7407273249604985 0.000418479
0.32445275760206344 0.000287247
0.6720042967505824 0.000401075
0.18945547429756246 0.000221987
0.09452289206287744 0.000158023
0.060538592689278733 0.000126813
0.0050013364892799814 3.66127e-05
0.006644037946303108 4.21938e-05
0.7991206649970958 0.000432355
0.7703049568763621 0.000425609
0.6938939926680447 0.000406757
0.717426196438943 0.000412718
0.6817344383310121 0.000403615
0.7622985117504887 0.0004237
0.7524434646298737 0.00042133
0.7897277683751662 0.000430176
0.7442371706397036 0.000419339
0.7935248967967974 0.000431058
0.6169802836604817 0.0003862
0.732670917618551 0.000416504
0.3233198643525833 0.00028677
0.6444001723696454 0.000393725
0.0475763328982457 0.000112538
0.024955564854079102 8.16541e-05
0.027226222669106483 8.52719e-05
0.781109286102385 0.00042816
0.8237145658595687 0.00043796
0.722128890026917 0.00041389
0.7770685918773926 0.000427208
0.7021190224892424 0.000408858
0.7770061391073 0.000427192
0.6898408078890339 0.000405712
0.7998513624071795 0.000432522
0.7441684725926018 0.000419323
0.8291791832426727 0.000439192
0.794205631990807 0.000431218
0.7850188295101829 0.000429077
0.6135322662236683 0.000385237
0.7113308060779036 0.000411189
0.3076523379194484 0.000280105
0.0475763328982457 0.000112538
0.0475763328982457 0.000112538
0.005608115112945834 3.87683e-05
0.008014688891525783 4.63371e-05
0.7762442153121701 0.000427012
0.8518183124012464 0.000444217
0.7894404856327402 0.000430109
0.8686430886641976 0.000447883
0.8039482641252552 0.000433465
0.8297662392815434 0.000439319
0.7299916937815777 0.000415845
0.8175504774514273 0.000436567
0.7454362638254819 0.000419628
0.8387469476208617 0.000441325
0.8055970172557003 0.000433844
0.8273867887410145 0.000438789
0.7964227053290948 0.000431729
0.7365679704723302 0.000417465
0.546933256724602 0.000365873
0.6244252783832227 0.000388266
0.0475763328982457 0.000112538
0.006542802005982975 4.18715e-05
0.02176285434140431 7.62717e-05
0.8566271756983781 0.000445269
0.9186552669543657 0.000458446
0.82040456904466 0.000437217
0.8921315754960311 0.000452904
0.7579080820129777 0.000422644
0.8767057412831546 0.000449619
0.7601751175673396 0.000423192
0.8531173300191729 0.000444502
0.7785612130826062 0.000427561
0.8915570100111789 0.000452779
0.8257817525496344 0.000438429
0.866744524453382 0.00044747
0.8557965538561462 0.000445088
0.7746641602288269 0.000426638
0.743600152384759 0.000419184
0.6968480086934256 0.000407511
0.4063121014732608 0.000319213
0.018171695155538622 6.97154e-05
0.06328089382404556 0.000129625
0.9460595424710063 0.000464034
1.0 0.000474649
0.8964220808013939 0.000453811
0.9700538967405898 0.00046882
0.8334009905009336 0.000440139
0.871228633346032 0.000448441
0.7767500827499203 0.000427133
0.8685619000630772 0.000447863
0.7844442640253307 0.000428938
0.8688928997445681 0.000447932
0.8317085204314236 0.00043976
0.8665072039270302 0.00044742
0.8837629043036203 0.000451128
0.8012503044572541 0.000432842
0.8085385427270626 0.000434517
0.6890913746479225 0.00040552
0.6389293097095321 0.000392243
0.0475763328982457 0.000112538
0.15361695217991392 0.000200482
0.9453038639528856 0.000463885
0.934530761111909 0.000461703
0.8982831733501538 0.000454199
0.9569388150211402 0.000466218
0.8836192629324073 0.000451097
0.9314893112083986 0.000461083
0.8286982969129595 0.000439085
0.8809525296494525 0.000450526
0.8266935629929865 0.000438635
0.8458728086884294 0.000442907
0.8447798852118085 0.000442667
0.8360177615678144 0.000440721
0.8827449241511106 0.000450904
0.7943929903010848 0.000431256
0.8376914958062964 0.000441094
0.6794611574996409 0.000403028
0.73140937166268 0.000416195
0.0475763328982457 0.000112538
0.17601813628443488 0.000214207
0.0475763328982457 0.000112538
0.007659020365848327 4.52985e-05
0.9090312950830933 0.000456452
0.9434864883431905 0.000463519
0.9081444657477781 0.000456267
0.913103215693132 0.000457298
0.8760874588592376 0.000449486
0.8652456579711593 0.000447142
0.8108243141124524 0.000435039
0.8270495437825144 0.000438715
0.806090394139432 0.000433956
0.7797103440523104 0.000427828
0.7960604792625576 0.000431646
0.7668138470281849 0.000424775
0.8058343377820523 0.000433898
0.7319714465935137 0.000416333
0.8133161796391479 0.000435605
0.6427764003472374 0.000393282
0.7288238269808457 0.000415556
0.0475763328982457 0.000112538
0.14329101117280055 0.000193791
0.8387157212358153 0.000441323
0.8497386351571622 0.000443759
0.8486207305725045 0.000443514
0.8284734669406261 0.000439035
0.8070396762448399 0.000434175
0.7965163844842338 0.000431748
0.7904272394002035 0.000430335
0.72489554774202 0.000414581
0.7852936216985903 0.000429141
0.7256137545980851 0.000414757
0.7892219009374161 0.000430058
0.7409334191018042 0.000418531
0.7904772016162775 0.000430349
0.682590041281281 0.00040384
0.7395032506666833 0.00041818
0.5975668400771916 0.00038073
0.6670955090213025 0.000399783
0.0475763328982457 0.000112538
0.07722597285802611 0.000143034
0.8403457385352328 0.000441681
0.8022433035017267 0.000433071
0.8031551139450789 0.000433281
0.7904959374473054 0.000430354
0.7831827180694598 0.000428644
0.7701550702281399 0.000425573
0.7800725701188476 0.000427917
0.7373049131594231 0.00041764
0.787766751394258 0.000429718
0.717832139444545 0.000412821
0.7709981826243902 0.00042577
0.7098506754267084 0.000410815
0.7618550970828311 0.000423594
0.62608902017849 0.000388721
0.6619431554886617 0.000398425
0.43133193022776517 0.00032819
0.5100636393727244 0.000354466
0.006490279226335083 4.17031e-05
0.018896397099693357 7.10875e-05
0.7943367828080014 0.000431247
0.7760443664478737 0.000426966
0.7841819623909418 0.00042888
0.7617177009886273 0.000423561
0.7548354057244209 0.000421907
0.733582728061903 0.000416731
0.766457866238657 0.00042469
0.7150342553443957 0.00041212
0.7584764022208205 0.000422781
0.7023688335696129 0.000408919
0.7920260303145744 0.000430708
0.6731534277202865 0.00040138
0.7388474965807107 0.000418023
0.6110241629767488 0.000384535
0.6595512143941143 0.000397785
0.04011378894710875 0.000103398
0.15614941200716956 0.000202086
0.006078959037228096 4.03611e-05
0.0475763328982457 0.000112538
0.7629792469444981 0.000423864
0.7558284047688935 0.000422146
0.7690559014745099 0.000425312
0.7698303158236584 0.000425496
0.7597129670686543 0.000423081
0.7755947065032068 0.000426858
0.7555848389655322 0.000422088
0.6873177159772921 0.000405065
0.7673009786349073 0.000424894
0.654554992786705 0.000396453
0.7413705884924525 0.000418641
0.6315473922845848 0.000390226
0.6630922864583658 0.000398725
0.0475763328982457 0.000112538
0.3996939814265461 0.000316783
0.007924756902592414 4.60765e-05
0.018728836317534865 7.07728e-05
0.7189375534751843 0.000413097
0.7456985654598709 0.000419696
0.742338606428888 0.000418873
0.7460920179114544 0.000419792
0.7767688185809482 0.000427135
0.6866369807832826 0.000404889
0.7450053397118428 0.000419527
0.6492902242678974 0.000395045
0.724058680622779 0.000414373
0.6116243340973389 0.000384702
0.6556229351552888 0.000396742
0.523559682989739 0.000358702
0.5061615902973375 0.000353228
0.0475763328982457 0.000112538
0.04590159941544207 0.000110554
0.005723334228489705 3.91642e-05
0.00544073544382061 3.81859e-05
0.7096820529474585 0.000410772
0.7011884762148625 0.00040862
0.7330955964551807 0.000416609
0.6689878279551089 0.000400285
0.7192935342647122 0.000413186
0.6246213800813135 0.00038832
0.6963358959786661 0.000407383
0.6014282948520181 0.000381826
0.658014876249836 0.000397377
0.4945041562318496 0.000349491
0.46964170845797865 0.000341328
0.062130014176778804 0.000128453
0.043872009292972185 0.0001081
0.0475763328982457 0.000112538
0.006194196888602993 4.07419e-05
0.6155188888403145 0.000385792
0.5936348136721603 0.000379606
0.6235390735756084 0.000388021
0.5706927885786374 0.000372954
0.6221326371931226 0.000387632
0.515116693000918 0.000356061
0.5648447111871646 0.00037123
0.0475763328982457 0.000112538
0.16955177646904526 0.000210347
0.005570687167829328 3.86389e-05
0.01595624558927311 6.53393e-05
0.006057981151753986 4.02915e-05
0.005126960236321282 3.70694e-05
0.30506242154370755 0.000278987
0.21733064370070135 0.00023721
0.21761730191542641 0.000237359
0.0475763328982457 0.000112538
0.0475763328982457 0.000112538
0.0475763328982457 0.000112538
0.013508034548872415 6.01297e-05
0.006937066343577669 4.31132e-05
0.006685943755035254 4.23265e-05
0.006382360839615041 4.13549e-05
